MFEM mesh v1.2

#
# MFEM Geometry Types (see mesh/geom.hpp):
#
# POINT       = 0
# SEGMENT     = 1
# TRIANGLE    = 2
# SQUARE      = 3
# TETRAHEDRON = 4
# CUBE        = 5
# PRISM       = 6
# PYRAMID     = 7
#

dimension
2

elements
900
4 2 122 123 121
4 2 134 143 111
4 2 185 184 187
4 2 1 2 159
4 2 194 193 195
4 2 198 199 197
4 2 8 9 95
4 2 168 191 183
4 2 65 64 239
4 2 251 250 249
4 2 266 202 204
4 2 114 95 93
4 2 284 280 279
4 2 302 301 305
4 2 311 310 315
4 2 338 92 91
4 2 347 348 282
4 2 66 343 67
4 2 411 264 410
4 2 438 437 323
4 2 286 444 447
4 2 171 452 158
4 2 42 454 41
4 2 283 461 460
4 2 190 462 463
4 2 161 3 4
4 2 127 477 126
4 2 478 437 479
4 2 170 326 318
4 2 339 494 336
4 2 501 499 500
4 2 462 470 309
4 2 461 498 518
4 2 360 458 429
4 2 362 360 232
4 2 539 487 536
4 2 157 156 354
4 2 441 295 294
4 2 549 141 466
4 2 552 549 550
4 2 566 434 435
4 2 166 182 170
4 2 65 263 66
4 2 207 514 205
4 2 140 552 577
4 2 247 25 26
4 2 376 468 614
4 2 571 193 192
4 2 601 565 651
4 2 418 296 683
4 2 258 427 257
4 2 726 613 638
4 2 473 139 138
4 2 491 493 655
4 2 220 438 218
4 2 482 493 593
4 2 227 105 228
4 2 709 144 293
4 2 339 227 133
4 2 506 604 606
4 2 862 861 315
4 2 738 527 465
4 2 240 214 172
4 2 213 214 135
4 2 244 353 262
4 2 273 217 219
4 2 261 423 681
4 2 243 242 464
4 2 263 254 259
4 2 542 642 643
4 2 321 320 219
4 2 716 194 199
4 2 251 255 307
4 2 302 306 310
4 2 442 441 485
4 2 253 63 520
4 2 97 96 126
4 2 890 189 188
4 2 374 894 272
4 2 166 165 228
4 2 539 557 580
4 2 672 674 886
4 2 510 148 471
4 2 674 733 349
4 2 348 733 735
4 2 584 474 476
4 2 434 42 43
4 2 206 209 770
4 2 701 237 146
4 2 128 130 455
4 2 755 284 757
4 2 121 257 297
4 2 669 573 575
4 2 895 293 906
4 2 546 543 149
4 2 203 202 643
4 2 907 709 711
4 2 235 821 233
4 2 145 907 381
4 2 314 210 212
4 2 308 28 521
4 2 862 306 678
4 2 217 726 908
4 2 324 881 322
4 2 357 620 355
4 2 312 258 123
4 2 716 713 192
4 2 374 469 372
4 2 504 608 502
4 2 335 362 300
4 2 357 287 289
4 2 900 884 885
4 2 224 522 865
4 2 891 241 892
4 2 541 561 540
4 2 710 878 712
4 2 696 639 640
4 2 561 592 560
4 2 696 717 695
4 2 473 900 877
4 3 620 887 888 355
4 3 888 886 350 395
4 3 887 672 886 888
4 3 886 674 349 350
4 3 888 395 356 355
4 3 349 347 277 350
4 3 355 356 287 357
4 3 744 734 671 693
4 3 350 277 281 395
4 3 734 733 674 671
4 3 734 744 743 732
4 3 774 794 793 773
4 3 794 238 233 793
4 3 288 287 356 290
4 3 290 356 395 281
4 3 672 673 671 674
4 3 723 744 693 720
4 3 805 791 773 793
4 3 821 805 793 233
4 3 790 724 741 753
4 3 740 739 718 719
4 3 744 723 725 743
4 3 791 790 753 773
4 3 673 694 693 671
4 3 740 799 798 752
4 3 281 276 292 290
4 3 801 799 688 600
4 3 719 688 799 740
4 3 752 751 739 740
4 3 754 774 773 753
4 3 657 718 739 704
4 3 694 721 720 693
4 3 291 288 290 292
4 3 791 805 804 789
4 3 754 742 687 684
4 3 805 821 820 804
4 3 724 790 792 722
4 3 729 779 743 725
4 3 742 754 753 741
4 3 724 723 720 741
4 3 807 806 798 800
4 3 444 286 288 291
4 3 752 798 806 772
4 3 721 742 741 720
4 3 790 791 789 792
4 3 800 798 799 801
4 3 779 769 732 743
4 3 721 694 647 692
4 3 742 721 692 687
4 3 730 729 725 722
4 3 765 730 722 792
4 3 723 724 722 725
4 3 600 599 857 801
4 3 803 766 789 804
4 3 810 831 830 822
4 3 837 803 804 820
4 3 673 672 617 650
4 3 774 754 684 811
4 3 292 459 446 291
4 3 766 765 792 789
4 3 807 826 831 810
4 3 801 857 827 800
4 3 779 729 731 778
4 3 800 827 826 807
4 3 829 827 857 858
4 3 694 673 650 647
4 3 832 830 831 833
4 3 704 739 751 703
4 3 653 628 652 654
4 3 730 765 767 728
4 3 407 421 420 406
4 3 833 831 826 828
4 3 858 857 599 873
4 3 873 746 808 858
4 3 729 730 728 731
4 3 765 766 764 767
4 3 828 826 827 829
4 3 776 825 778 731
4 3 445 444 291 446
4 3 766 803 802 764
4 3 829 863 855 828
4 3 803 837 836 802
4 3 419 418 404 405
4 3 616 611 625 652
4 3 234 238 814 834
4 3 852 234 834 850
4 3 668 653 654 903
4 3 777 776 731 728
4 3 628 615 616 652
4 3 700 668 903 756
4 3 845 777 728 767
4 3 828 855 854 833
4 3 654 664 663 903
4 3 652 625 664 654
4 3 838 845 767 764
4 3 858 808 863 829
4 3 760 700 756 757
4 3 903 663 697 756
4 3 852 550 551 680
4 3 839 838 764 802
4 3 733 734 732 735
4 3 89 808 746 90
4 3 626 625 611 610
4 3 238 794 817 814
4 3 794 774 811 817
4 3 833 854 853 832
4 3 653 668 667 670
4 3 615 628 627 629
4 3 841 839 802 836
4 3 776 777 37 38
4 3 628 653 670 627
4 3 825 776 38 39
4 3 446 517 509 445
4 3 818 825 39 40
4 3 777 845 36 37
4 3 704 702 656 657
4 3 756 697 755 757
4 3 668 700 699 667
4 3 856 841 836 848
4 3 665 663 664 666
4 3 394 373 375 391
4 3 88 863 808 89
4 3 87 855 863 88
4 3 636 622 627 670
4 3 845 838 35 36
4 3 769 779 778 768
4 3 648 649 647 650
4 3 785 737 699 761
4 3 86 854 855 87
4 3 698 706 762 759
4 3 666 664 625 626
4 3 700 760 761 699
4 3 698 697 663 665
4 3 586 621 595 570
4 3 508 507 445 509
4 3 838 839 34 35
4 3 85 853 854 86
4 3 84 859 853 85
4 3 287 288 286 289
4 3 626 635 689 666
4 3 564 585 567 556
4 3 649 691 692 647
4 3 825 818 768 778
4 3 737 637 667 699
4 3 585 586 570 567
4 3 839 841 33 34
4 3 622 621 629 627
4 3 597 568 570 595
4 3 610 609 635 626
4 3 622 636 630 598
4 3 276 460 459 292
4 3 759 755 697 698
4 3 691 685 687 692
4 3 841 856 32 33
4 3 569 554 556 567
4 3 392 407 406 391
4 3 832 853 859 843
4 3 390 389 154 369
4 3 843 842 830 832
4 3 632 596 598 630
4 3 409 394 391 406
4 3 417 409 406 420
4 3 568 569 567 570
4 3 277 278 276 281
4 3 737 785 787 736
4 3 677 631 633 736
4 3 621 622 598 595
4 3 394 409 408 393
4 3 637 636 670 667
4 3 509 540 538 508
4 3 390 387 400 405
4 3 405 400 414 419
4 3 685 686 684 687
4 3 637 737 736 633
4 3 554 569 866 867
4 3 569 568 869 866
4 3 772 771 751 752
4 3 636 637 633 630
4 3 568 597 868 869
4 3 812 815 817 811
4 3 31 864 865 30
4 3 815 816 814 817
4 3 686 812 811 684
4 3 596 632 870 871
4 3 405 404 389 390
4 3 596 597 595 598
4 3 618 589 867 866
4 3 810 809 806 807
4 3 369 377 387 390
4 3 425 424 414 415
4 3 550 852 850 552
4 3 597 596 871 868
4 3 618 619 617 620
4 3 685 691 870 679
4 3 781 677 736 787
4 3 816 835 834 814
4 3 785 786 784 787
4 3 631 632 630 633
4 3 782 781 787 784
4 3 619 618 866 869
4 3 589 618 620 357
4 3 415 414 400 401
4 3 632 631 679 870
4 3 648 619 869 868
4 3 703 701 702 704
4 3 459 518 517 446
4 3 409 417 416 408
4 3 686 685 679 676
4 3 835 851 850 834
4 3 649 648 868 871
4 3 388 363 379 401
4 3 812 686 676 783
4 3 401 400 387 388
4 3 781 782 780 783
4 3 677 781 783 676
4 3 631 677 676 679
4 3 797 782 784 795
4 3 665 690 706 698
4 3 824 797 795 819
4 3 666 689 690 665
4 3 559 537 538 560
4 3 691 649 871 870
4 3 816 815 780 796
4 3 815 812 783 780
4 3 772 806 809 442
4 3 856 864 31 32
4 3 782 797 796 780
4 3 749 656 702 748
4 3 384 367 393 408
4 3 388 387 377 378
4 3 797 824 823 796
4 3 835 816 796 823
4 3 619 648 650 617
4 3 373 394 393 371
4 3 517 541 540 509
4 3 378 345 363 388
4 3 559 591 590 558
4 3 883 860 83 82
4 3 401 379 385 415
4 3 591 640 639 590
4 3 397 384 408 416
4 3 419 414 424 428
4 3 415 385 398 425
4 3 403 397 416 426
4 3 153 154 155 909
4 3 837 849 848 836
4 3 378 377 359 361
4 3 515 512 566 905
4 3 639 696 695 645
4 3 851 577 552 850
4 3 590 639 645 587
4 3 851 835 823 846
4 3 364 363 345 346
4 3 370 359 377 369
4 3 380 379 363 364
4 3 367 384 383 365
4 3 417 427 426 416
4 3 361 340 345 378
4 3 386 385 379 380
4 3 384 397 396 383
4 3 822 443 809 810
4 3 399 398 385 386
4 3 397 403 402 396
4 3 425 398 410 431
4 3 537 536 508 538
4 3 327 386 380 328
4 3 403 413 412 402
4 3 411 410 398 399
4 3 786 785 761 572
4 3 369 154 153 370
4 3 278 277 347 282
4 3 824 847 846 823
4 3 367 366 371 393
4 3 531 515 905 898
4 3 328 380 364 562
4 3 843 859 860 198
4 3 822 830 842 840
4 3 188 189 190 880
4 3 431 430 424 425
4 3 365 383 481 548
4 3 392 163 155 581
4 3 383 396 330 481
4 3 386 327 329 399
4 3 864 856 848 226
4 3 83 860 859 84
4 3 137 187 184 78
4 3 396 402 331 330
4 3 442 485 771 772
4 3 399 329 332 411
4 3 748 702 701 146
4 3 240 172 882 221
4 3 342 331 402 412
4 3 641 73 72 562
4 3 347 349 733 348
4 3 562 72 71 328
4 3 113 112 62 61
4 3 200 275 171 910
4 3 199 198 860 883
4 3 895 710 709 293
4 3 19 20 548 481
4 3 246 309 470 875
4 3 70 327 328 71
4 3 81 714 883 82
4 3 786 211 795 784
4 3 18 19 481 330
4 3 368 365 548 634
4 3 69 329 327 70
4 3 260 230 259 254
4 3 898 905 490 535
4 3 130 457 153 909
4 3 562 364 346 641
4 3 330 331 17 18
4 3 849 837 820 270
4 3 68 332 329 69
4 3 270 271 225 849
4 3 901 299 298 524
4 3 331 342 16 17
4 3 67 343 332 68
4 3 20 21 634 548
4 3 703 751 771 484
4 3 714 716 199 883
4 3 154 389 581 155
4 3 624 579 574 110
4 3 73 641 534 74
4 3 342 344 15 16
4 3 147 533 544 644
4 3 847 472 576 846
4 3 366 367 365 368
4 3 413 403 426 432
4 3 134 100 99 97
4 3 560 592 591 559
4 3 155 163 164 909
4 3 769 209 735 732
4 3 759 762 763 758
4 3 540 561 560 538
4 3 849 225 226 848
4 3 346 345 340 341
4 3 158 156 157 171
4 3 136 91 119 120
4 3 711 763 762 907
4 3 507 447 444 445
4 3 696 523 488 717
4 3 63 62 112 520
4 3 163 392 391 375
4 3 847 824 819 844
4 3 748 382 747 749
4 3 638 358 256 726
4 3 443 441 442 809
4 3 521 522 463 462
4 3 209 769 768 770
4 3 411 332 343 264
4 3 682 404 418 683
4 3 640 503 523 696
4 3 882 174 260 519
4 3 344 342 412 422
4 3 554 555 553 556
4 3 551 550 549 880
4 3 558 557 537 559
4 3 215 213 229 261
4 3 589 588 896 867
4 3 98 96 97 99
4 3 428 296 418 419
4 3 449 448 530 543
4 3 546 149 148 547
4 3 223 225 271 897
4 3 563 564 556 553
4 3 301 334 157 305
4 3 547 553 555 546
4 3 454 818 40 41
4 3 662 660 22 23
4 3 146 145 382 748
4 3 555 554 867 896
4 3 460 276 278 283
4 3 211 210 819 795
4 3 624 109 487 539
4 3 536 537 557 539
4 3 574 579 601 651
4 3 581 389 404 682
4 3 29 522 521 28
4 3 523 502 489 488
4 3 188 466 150 890
4 3 344 353 14 15
4 3 680 235 234 852
4 3 904 747 382 436
4 3 646 705 51 52
4 3 535 490 45 46
4 3 503 504 502 523
4 3 897 271 680 551
4 3 427 258 432 426
4 3 99 100 60 59
4 3 323 324 322 321
4 3 215 312 124 196
4 3 588 589 357 289
4 3 760 279 572 761
4 3 353 344 422 262
4 3 247 256 358 25
4 3 319 212 216 280
4 3 675 319 280 813
4 3 710 895 879 878
4 3 294 483 485 441
4 3 906 483 294 266
4 3 435 434 43 44
4 3 865 864 226 224
4 3 549 466 188 880
4 3 512 513 514 207
4 3 582 333 303 584
4 3 373 372 376 375
4 3 577 851 846 576
4 3 227 176 131 133
4 3 905 566 435 490
4 3 313 314 212 319
4 3 534 341 336 494
4 3 407 392 581 682
4 3 708 139 473 877
4 3 511 563 553 547
4 3 528 529 526 525
4 3 132 77 76 889
4 3 164 455 130 909
4 3 658 623 49 50
4 3 239 253 252 254
4 3 265 259 230 231
4 3 427 417 420 257
4 3 840 842 197 876
4 3 421 407 682 683
4 3 306 862 315 310
4 3 490 435 44 45
4 3 547 148 510 511
4 3 234 235 233 238
4 3 12 13 244 236
4 3 641 346 341 534
4 3 572 216 211 786
4 3 128 450 248 129
4 3 149 543 530 532
4 3 587 583 558 590
4 3 813 280 284 758
4 3 818 454 770 768
4 3 318 102 167 170
4 3 106 178 179 107
4 3 135 214 240 136
4 3 326 170 182 528
4 3 147 148 149 532
4 3 603 605 545 578
4 3 497 496 498 516
4 3 602 531 898 605
4 3 546 555 896 543
4 3 5 6 180 169
4 3 169 161 4 5
4 3 343 66 263 264
4 3 726 256 727 908
4 3 484 237 701 703
4 3 225 223 224 226
4 3 662 638 613 612
4 3 660 634 21 22
4 3 711 709 710 712
4 3 413 423 422 412
4 3 147 644 471 148
4 3 476 901 582 584
4 3 727 152 220 908
4 3 320 321 322 469
4 3 144 145 146 237
4 3 140 138 139 141
4 3 578 545 47 48
4 3 623 578 48 49
4 3 231 430 431 265
4 3 485 483 484 771
4 3 433 122 296 428
4 3 582 526 529 333
4 3 545 535 46 47
4 3 758 284 755 759
4 3 775 606 604 603
4 3 705 658 50 51
4 3 727 256 246 875
4 3 186 184 185 317
4 3 714 715 713 716
4 3 283 514 513 461
4 3 29 30 865 522
4 3 428 424 430 433
4 3 164 163 375 376
4 3 91 92 93 119
4 3 423 413 432 681
4 3 192 193 194 716
4 3 206 207 205 209
4 3 496 497 495 505
4 3 334 201 200 910
4 3 440 325 352 255
4 3 821 235 270 820
4 3 457 129 158 452
4 3 602 495 497 531
4 3 470 189 890 875
4 3 272 273 219 320
4 3 901 476 893 299
4 3 137 132 131 187
4 3 285 483 906 293
4 3 239 254 263 65
4 3 464 242 204 208
4 3 75 494 889 76
4 3 440 439 324 325
4 3 93 95 94 119
4 3 492 493 491 661
4 3 573 533 108 110
4 3 361 359 360 362
4 3 907 762 706 381
4 3 142 120 118 236
4 3 162 161 168 183
4 3 421 297 257 420
4 3 303 301 302 310
4 3 862 678 877 900
4 3 840 542 443 822
4 3 229 142 236 244
4 3 141 139 707 467
4 3 186 715 80 79
4 3 541 498 496 561
4 3 271 270 235 680
4 3 712 499 763 711
4 3 144 237 285 293
4 3 362 335 340 361
4 3 583 580 557 558
4 3 844 884 472 847
4 3 351 307 255 352
4 3 505 495 506 504
4 3 249 250 248 450
4 3 337 221 143 338
4 3 499 813 758 763
4 3 775 603 578 623
4 3 221 117 111 143
4 3 294 295 202 266
4 3 501 675 813 499
4 3 107 166 228 105
4 3 381 706 690 436
4 3 659 368 634 660
4 3 174 177 230 260
4 3 861 862 900 885
4 3 11 12 236 118
4 3 643 642 268 203
4 3 220 218 217 908
4 3 339 133 889 494
4 3 571 101 103 193
4 3 544 533 573 669
4 3 476 474 475 893
4 3 565 486 788 651
4 3 458 360 359 370
4 3 107 179 182 166
4 3 467 479 151 150
4 3 241 242 243 892
4 3 372 373 371 374
4 3 872 311 315 861
4 3 102 101 175 167
4 3 770 454 453 206
4 3 57 191 874 58
4 3 191 57 56 183
4 3 143 134 477 338
4 3 341 340 335 336
4 3 480 313 319 675
4 3 512 207 899 566
4 3 260 254 252 519
4 3 298 465 527 524
4 3 217 273 613 726
4 3 518 459 460 461
4 3 447 448 449 286
4 3 513 512 515 516
4 3 681 432 258 312
4 3 103 269 268 193
4 3 241 891 500 878
4 3 738 318 326 527
4 3 480 475 474 872
4 3 115 114 93 92
4 3 262 261 229 244
4 3 492 661 658 705
4 3 232 106 300 362
4 3 410 264 265 431
4 3 574 575 573 110
4 3 112 113 111 117
4 3 353 244 13 14
4 3 529 201 334 333
4 3 267 895 906 266
4 3 303 310 311 584
4 3 439 440 249 450
4 3 608 504 506 606
4 3 325 324 323 437
4 3 117 519 520 112
4 3 295 542 643 202
4 3 282 348 205 514
4 3 3 161 162 160
4 3 311 872 474 584
4 3 192 713 317 571
4 3 231 222 433 430
4 3 123 258 257 121
4 3 526 582 901 524
4 3 300 105 304 335
4 3 140 577 576 138
4 3 116 180 6 7
4 3 516 515 531 497
4 3 750 669 575 788
4 3 314 885 884 844
4 3 439 451 881 324
4 3 580 579 624 539
4 3 561 496 505 592
4 3 198 197 842 843
4 3 114 115 116 7
4 3 475 480 675 501
4 3 458 456 452 429
4 3 204 202 203 208
4 3 661 775 623 658
4 3 470 462 190 189
4 3 516 498 461 513
4 3 218 438 323 321
4 3 185 176 175 316
4 3 368 659 894 366
4 3 197 199 194 876
4 3 131 176 185 187
4 3 429 275 232 360
4 3 215 261 681 312
4 3 502 608 655 489
4 3 55 54 160 162
4 3 117 221 882 519
4 3 255 251 249 440
4 3 245 247 26 27
4 3 479 437 438 151
4 3 264 263 259 265
4 3 455 164 376 614
4 3 267 266 204 242
4 3 541 517 518 498
4 3 171 275 429 452
4 3 172 173 174 882
4 3 707 478 479 467
4 3 757 284 279 760
4 3 279 280 216 572
4 3 274 894 659 612
4 3 453 454 42 434
4 3 549 552 140 141
4 3 325 437 478 352
4 3 206 453 899 207
4 3 203 268 269 208
4 3 173 196 124 222
4 3 543 896 588 449
4 3 241 878 879 242
4 3 196 173 172 214
4 3 500 499 712 878
4 3 213 135 142 229
4 3 451 128 455 614
4 3 593 493 492 594
4 3 113 100 134 111
4 3 336 335 304 339
4 3 283 278 282 514
4 3 196 214 213 215
4 3 876 642 542 840
4 3 150 151 152 890
4 3 899 453 434 566
4 3 465 298 464 208
4 3 135 136 120 142
4 3 227 339 304 105
4 3 212 210 211 216
4 3 423 261 262 422
4 3 872 861 313 480
4 3 487 448 447 507
4 3 907 145 144 709
4 3 106 107 105 300
4 3 179 200 201 182
4 3 298 299 243 464
4 3 482 489 655 493
4 3 274 612 613 273
4 3 640 591 592 503
4 3 130 128 129 457
4 3 374 272 320 469
4 3 468 469 322 881
4 3 92 338 477 127
4 3 530 109 108 532
4 3 374 371 366 894
4 3 103 101 102 104
4 3 91 136 337 338
4 3 116 115 125 180
4 3 525 526 524 527
4 3 180 125 181 169
4 3 219 217 218 321
4 3 98 99 59 58
4 3 205 348 735 209
4 3 10 11 118 94
4 3 247 245 246 256
4 3 605 898 535 545
4 3 604 506 495 602
4 3 608 607 491 655
4 3 603 604 602 605
4 3 467 150 466 141
4 3 745 750 788 486
4 3 884 900 473 472
4 3 594 492 705 646
4 3 269 738 465 208
4 3 274 273 272 894
4 3 190 463 223 897
4 3 536 487 507 508
4 3 181 125 96 874
4 3 123 122 124 312
4 3 224 223 463 522
4 3 245 308 309 246
4 3 167 165 166 170
4 3 151 438 220 152
4 3 521 462 309 308
4 3 501 500 891 475
4 3 302 305 250 251
4 3 176 227 228 165
4 3 24 25 358 902
4 3 897 551 880 190
4 3 372 469 468 376
4 3 484 483 285 237
4 3 8 95 114 7
4 3 191 168 181 874
4 3 707 139 708 478
4 3 472 473 138 576
4 3 195 642 876 194
4 3 436 690 689 904
4 3 94 95 9 10
4 3 891 892 893 475
4 3 119 94 118 120
4 3 168 161 169 181
4 3 505 504 503 592
4 3 877 678 351 708
4 3 299 893 892 243
4 3 295 441 443 542
4 3 382 145 381 436
4 3 352 478 708 351
4 3 222 124 122 433
4 3 210 314 844 819
4 3 307 351 678 306
4 3 874 96 98 58
4 3 200 179 178 275
4 3 201 529 528 182
4 3 296 122 121 297
4 3 160 159 2 3
4 3 451 439 450 128
4 3 307 306 302 251
4 3 177 174 173 222
4 3 253 239 64 63
4 3 533 147 532 108
4 3 316 175 101 571
4 3 53 0 1 159
4 3 97 126 477 134
4 3 156 158 129 248
4 3 152 727 875 890
4 3 133 131 132 889
4 3 713 715 186 317
4 3 126 96 125 127
4 3 520 519 252 253
4 3 354 156 248 250
4 3 267 242 879 895
4 3 614 468 881 451
4 3 104 102 318 738
4 3 448 487 109 530
4 3 607 608 606 775
4 3 297 421 683 296
4 3 110 108 109 624
4 3 651 788 575 574
4 3 308 245 27 28
4 3 77 132 137 78
4 3 240 221 337 136
4 3 231 230 177 222
4 3 715 714 81 80
4 3 333 334 301 303
4 3 370 153 456 458
4 3 354 250 305 157
4 3 317 185 316 571
4 3 902 662 23 24
4 3 660 662 612 659
4 3 289 286 449 588
4 3 175 176 165 167
4 3 159 160 54 53
4 3 55 162 183 56
4 3 457 452 456 153
4 3 178 106 232 275
4 3 269 103 104 738
4 3 79 78 184 186
4 3 902 358 638 662
4 3 115 92 127 125
4 3 661 491 607 775
4 3 326 528 525 527
4 3 885 314 313 861
4 3 268 642 195 193
4 3 157 334 910 171
4 3 617 672 887 620
4 3 60 100 113 61
4 3 534 494 75 74

boundary
90
1 1 0 1
1 1 1 2
1 1 2 3
1 1 3 4
1 1 4 5
1 1 5 6
1 1 6 7
1 1 7 8
1 1 8 9
1 1 9 10
1 1 10 11
1 1 11 12
1 1 12 13
1 1 13 14
1 1 14 15
1 1 15 16
1 1 16 17
1 1 17 18
1 1 18 19
1 1 19 20
1 1 20 21
1 1 21 22
1 1 22 23
1 1 23 24
1 1 24 25
1 1 25 26
1 1 26 27
1 1 27 28
1 1 28 29
1 1 29 30
1 1 30 31
1 1 31 32
1 1 32 33
1 1 33 34
1 1 34 35
1 1 35 36
1 1 36 37
1 1 37 38
1 1 38 39
1 1 39 40
1 1 40 41
1 1 41 42
1 1 42 43
1 1 43 44
1 1 44 45
1 1 45 46
1 1 46 47
1 1 47 48
1 1 48 49
1 1 49 50
1 1 50 51
1 1 51 52
2 1 53 0
2 1 54 53
2 1 55 54
2 1 56 55
2 1 57 56
2 1 58 57
2 1 59 58
2 1 60 59
2 1 61 60
2 1 62 61
2 1 63 62
2 1 64 63
2 1 65 64
2 1 66 65
2 1 67 66
2 1 68 67
2 1 69 68
2 1 70 69
2 1 71 70
2 1 72 71
2 1 73 72
2 1 74 73
2 1 75 74
2 1 76 75
2 1 77 76
2 1 78 77
2 1 79 78
2 1 80 79
2 1 81 80
2 1 82 81
2 1 83 82
2 1 84 83
2 1 85 84
2 1 86 85
2 1 87 86
2 1 88 87
2 1 89 88
2 1 90 89

vertices
911
2
0 0
4.69697e-05 0
9.39394e-05 0
0.000140909 0
0.000187879 0
0.000234848 0
0.000281818 0
0.000328788 0
0.000375758 0
0.000422727 0
0.000469697 0
0.000516667 0
0.000563636 0
0.000610606 0
0.000657576 0
0.000704545 0
0.000751515 0
0.000798485 0
0.000845455 0
0.000892424 0
0.000939394 0
0.000986364 0
0.00103333 0
0.0010803 0
0.00112727 0
0.00117424 0
0.00122121 0
0.00126818 0
0.00131515 0
0.00136212 0
0.00140909 0
0.00145606 0
0.00150303 0
0.00155 0
0.00159697 0
0.00164394 0
0.00169091 0
0.00173788 0
0.00178485 0
0.00183182 0
0.00187879 0
0.00192576 0
0.00197273 0
0.0020197 0
0.00206667 0
0.00211364 0
0.00216061 0
0.00220758 0
0.00225455 0
0.00230152 0
0.00234848 0
0.00239545 0
0.00244242 0
3.32126e-05 3.32126e-05
6.64252e-05 6.64252e-05
9.96378e-05 9.96378e-05
0.00013285 0.00013285
0.000166063 0.000166063
0.000199276 0.000199276
0.000232488 0.000232488
0.000265701 0.000265701
0.000298913 0.000298913
0.000332126 0.000332126
0.000365339 0.000365339
0.000398551 0.000398551
0.000431764 0.000431764
0.000464976 0.000464976
0.000498189 0.000498189
0.000531401 0.000531401
0.000564614 0.000564614
0.000597827 0.000597827
0.000631039 0.000631039
0.000664252 0.000664252
0.000697464 0.000697464
0.000730677 0.000730677
0.00076389 0.00076389
0.000797102 0.000797102
0.000830315 0.000830315
0.000863527 0.000863527
0.00089674 0.00089674
0.000929953 0.000929953
0.000963165 0.000963165
0.000996378 0.000996378
0.00102959 0.00102959
0.0010628 0.0010628
0.00109602 0.00109602
0.00112923 0.00112923
0.00116244 0.00116244
0.00119565 0.00119565
0.00122887 0.00122887
0.00126208 0.00126208
0.000423824 0.000122441
0.000370632 0.000107197
0.000397143 6.99245e-05
0.000454594 4.07571e-05
0.000404975 3.05131e-05
0.00026676 0.000150924
0.000295594 0.000184528
0.000246553 0.000186398
0.000268235 0.000208908
0.000300154 0.000238403
0.00103124 0.000784317
0.00104442 0.000748042
0.00107151 0.000788147
0.00107075 0.000757851
0.000909344 0.000669026
0.00092915 0.000607872
0.000951625 0.000641453
0.00212702 0.000521008
0.00212781 0.000473973
0.00217091 0.000516984
0.000366087 0.000242302
0.000367468 0.000301061
0.000333686 0.000269621
0.000362535 4.45702e-05
0.000333397 6.90184e-05
0.000312702 4.12055e-05
0.00040234 0.000267644
0.000501699 4.62605e-05
0.000439298 8.24828e-05
0.000486186 9.27109e-05
0.000695038 0.000251469
0.000661409 0.000272905
0.000674238 0.000230884
0.000615411 0.000244492
0.000288125 9.7867e-05
0.000309466 0.000155908
0.000328975 0.000130052
0.000995249 0.000369985
0.000989062 0.000418455
0.000948346 0.00037947
0.000890388 0.000782805
0.000856715 0.000803392
0.000868311 0.000749841
0.000335163 0.000204974
0.000521629 0.000142636
0.000468907 0.000147859
0.000875221 0.000825172
0.00130927 0.000329209
0.0012612 0.000319839
0.00132541 0.000297308
0.0012881 0.00027036
0.000534167 9.89465e-05
0.000385876 0.000206394
0.00138677 0.000812836
0.00143526 0.000813235
0.00142966 0.00085889
0.0020873 0.000575869
0.00203546 0.000591999
0.00204011 0.000542545
0.00124488 0.000218647
0.00120024 0.000218367
0.00120093 0.000174305
0.000896651 0.000425701
0.000848969 0.000400958
0.00086659 0.00035685
0.0010142 0.000450434
0.00104212 0.000485137
0.00099068 0.000456927
6.95649e-05 2.38531e-05
0.000102172 4.26351e-05
0.000177508 4.70345e-05
0.000133297 7.31486e-05
0.000883954 0.000313262
0.000925893 0.00032746
0.000969594 0.000722047
0.000979705 0.000677722
0.00100716 0.000734743
0.000188777 9.18208e-05
0.000232367 4.67058e-05
0.00102946 0.000693258
0.000993394 0.0005066
0.000509754 0.000229675
0.000544633 0.000254835
0.000515551 0.000288931
0.000991932 0.00077375
0.000940743 0.000762525
0.000541391 0.000308031
0.000955748 0.000592421
0.000981699 0.000609853
0.000279757 4.46236e-05
0.000230601 9.39497e-05
0.00102429 0.000637816
0.000156354 0.000106057
0.000913263 0.000847266
0.000947268 0.000816137
0.000936152 0.000875146
0.000901318 0.000815746
0.00129612 0.000187934
0.00129466 0.000149878
0.00134124 0.000143262
0.000184193 0.000130479
0.00102668 0.000866142
0.00107139 0.000841949
0.0010794 0.000894345
0.00110159 0.000868537
0.000573924 0.000215533
0.00110509 0.000950059
0.0010847 0.000979252
0.00106342 0.000942184
0.00100307 0.000571575
0.00104547 0.000588914
0.00120643 0.00082857
0.0011646 0.000814458
0.00121735 0.000781222
0.00195454 0.000168161
0.00195144 0.000107038
0.00199085 0.000131964
0.00116864 0.00076291
0.00191566 0.000142859
0.00139273 0.000469937
0.0014325 0.000481689
0.0013778 0.000507112
0.000563874 0.000150448
0.000532286 0.000187968
0.000602177 0.000171539
0.00141806 0.000521915
0.00110871 0.000154112
0.00112231 0.000191739
0.00107372 0.000176581
0.00116049 0.000178097
0.000436885 0.000220649
0.000581556 0.000295693
0.00140208 0.000111706
0.00141295 7.45917e-05
0.00144579 0.000118035
0.00145222 7.76062e-05
0.000904172 0.000719773
0.000941953 0.000698641
0.00058163 0.000107805
0.000531051 0.0003381
0.000572391 0.000349262
0.000914785 0.000572075
0.00152575 0.000229312
0.00146794 0.000252179
0.00148479 0.000207885
0.000550201 5.0165e-05
0.00138244 0.000857614
0.00151302 0.000262497
0.000429336 0.000385047
0.00048455 0.000195971
0.00126982 0.000695885
0.00124777 0.000737636
0.00122359 0.000691679
0.000604897 5.46865e-05
0.00125166 3.85658e-05
0.00124132 7.93626e-05
0.00121066 3.16923e-05
0.00103019 0.000420439
0.0010818 0.000392146
0.0010759 0.00043595
0.00111711 0.000417189
0.000441303 0.000344341
0.000416041 0.000356302
0.000468362 0.000366185
0.00113251 0.000375787
0.00118516 7.66191e-05
0.000728333 0.000231274
0.000701474 0.00019748
0.000517698 0.000375712
0.000491436 0.000324236
0.000632314 0.000122392
0.000646441 7.63035e-05
0.000488658 0.000415569
0.000541669 0.00043824
0.00055739 0.000391546
0.0012572 0.000811489
0.00126917 0.000775308
0.00112389 0.000823302
0.00111477 0.000779168
0.00148641 0.000161144
0.00143915 0.000159904
0.00102551 0.000165596
0.00106247 0.000138897
0.00103628 0.000117993
0.000956567 0.000552088
0.00201138 0.000275673
0.00196581 0.000269279
0.00199202 0.000247262
0.00145369 0.000570917
0.00140467 0.000572838
0.00198469 0.000296553
0.00197172 0.000221628
0.00201902 0.000228029
0.00144303 0.000615018
0.00134654 0.000841554
0.002038 0.000391681
0.00199168 0.000369803
0.00202048 0.000354291
0.0019975 0.000402617
0.00200311 0.000324538
0.00204949 0.000333417
0.0020305 0.000304201
0.00134187 0.000806365
0.00126381 0.000858746
0.00122439 0.000870081
0.000704804 0.000308575
0.000722076 0.000269123
0.00117216 0.000690457
0.00120072 0.0006627
0.000895298 0.000625986
0.00110666 0.000505366
0.00113087 0.000464288
0.00114314 0.000530921
0.000870639 0.00067175
0.00108538 0.000472339
0.0011786 0.000440618
0.00115683 0.000404335
0.00128913 4.64295e-05
0.00128055 8.04788e-05
0.00117574 0.000492358
0.00120942 0.000522036
0.000649696 0.000196674
0.00131426 0.000517216
0.00134442 0.000473321
0.00121888 0.000487658
0.000983571 0.000803712
0.000972716 0.000852271
0.00106184 0.000717064
0.00135732 0.000545133
0.00104321 0.000196217
0.00108235 0.000216695
0.00105081 0.000252337
0.00111212 0.000251099
0.0010794 0.000290166
0.00112372 0.000316566
0.00107155 0.000681243
0.000619018 0.000561334
0.000653447 0.00059267
0.000585075 0.000531019
0.000834105 4.07306e-05
0.000787602 3.91807e-05
0.000551917 0.000501349
0.00111262 0.000568559
0.00106412 0.000537642
0.000849631 0.000635522
0.000819127 0.000672106
0.00043253 0.00017631
0.000392031 0.000161308
0.000854901 0.000704303
0.000807548 0.000602001
0.000784147 0.000645911
0.000741503 3.82956e-05
0.000518697 0.000474939
0.000696699 3.80173e-05
0.000769448 0.000572401
0.000747048 0.000614965
0.00194736 0.000245028
0.00193653 0.000208379
0.00192358 0.00026312
0.0019397 0.000289952
0.00118585 0.000377732
0.00115874 0.000344975
0.000655588 3.76676e-05
0.00104709 0.000456223
0.00194767 0.000358982
0.00197505 0.000343496
0.00195929 0.000393701
0.00114276 4.38442e-05
0.000847976 0.000511299
0.00088947 0.000532234
0.000829398 0.000556731
0.000872248 0.000582454
0.000732227 0.000543548
0.000710761 0.000584235
0.000914521 8.70052e-05
0.000947411 0.000132611
0.000901326 0.000130316
0.000960706 8.72862e-05
0.000829626 0.000444391
0.000866996 0.000468549
0.00093303 0.000179302
0.000959391 0.000234177
0.000917572 0.000225424
0.00098115 0.000187063
0.000901475 0.000269841
0.000950821 0.000281942
0.000810047 0.000486946
0.000790401 0.000529716
0.000695259 0.000515375
0.000674853 0.00055417
0.00146399 0.000775878
0.00148431 0.000838501
0.000868366 8.43225e-05
0.000855532 0.000125922
0.000658557 0.000488107
0.000639307 0.000525036
0.000771593 0.000462308
0.000752389 0.000503046
0.000807357 0.000381134
0.000789931 0.000421819
0.000856839 0.000258701
0.000840605 0.000299832
0.000887397 0.000173598
0.000872583 0.000216551
0.00195784 0.000316266
0.000822222 8.10642e-05
0.000809955 0.000121216
0.000622493 0.000463163
0.000604702 0.000497912
0.000733166 0.00043792
0.000714611 0.000476772
0.000776318 7.83227e-05
0.000764791 0.000117553
0.000768134 0.000362351
0.000751248 0.000399753
0.000813267 0.000248212
0.000798595 0.000287333
0.000842158 0.000167175
0.000828115 0.000208051
0.000588508 0.000443114
0.000572666 0.000475086
0.000731423 7.66566e-05
0.000721053 0.000115025
0.000695191 0.00041317
0.00067705 0.000451086
0.000797722 0.000161081
0.000784899 0.000200335
0.0007339 0.000344514
0.000714494 0.000375874
0.000771517 0.000239193
0.000758664 0.000277214
0.000688097 7.65718e-05
0.000681921 0.00011227
0.000656666 0.00038853
0.000639308 0.000427207
0.000754114 0.000156974
0.000746581 0.000193231
0.000677188 0.000348793
0.000927053 0.00051248
0.000615454 0.000366115
0.000599725 0.000407678
0.000710736 0.000154818
0.000635158 0.000321511
0.00200962 3.99198e-05
0.00206028 3.71366e-05
0.00150145 0.000799371
0.00115427 0.000273937
0.00115257 0.000221161
0.00105955 0.000339113
0.0010997 0.000356556
0.00125603 0.000904068
0.00128092 0.000941885
0.00122265 0.000935647
0.00206737 0.000360173
0.0020952 0.000341987
0.00207698 0.000311831
0.00207831 0.00039321
0.00207982 0.000434068
0.0020344 0.000441116
0.00104315 0.000381516
0.00101843 0.000325436
0.000948128 0.00047215
0.00197483 7.2977e-05
0.00193117 4.69798e-05
0.000962113 0.000341253
0.000913518 0.000463855
0.000947482 0.000421155
0.000898572 0.000487775
0.00205696 0.000282789
0.00203641 0.000257717
0.00205846 0.000227569
0.00131904 9.48727e-05
0.0013637 9.90413e-05
0.00119879 0.000720851
0.00114254 0.000718009
0.0012863 0.000222548
0.00123937 0.00026231
0.000998177 0.000276071
0.00101118 0.000231704
0.00128248 0.000117038
0.00205576 0.000633285
0.00133033 0.000380531
0.00128473 0.000368055
0.00123276 0.000576289
0.0012694 0.000612009
0.00120686 0.000607009
0.00034414 0.0001639
0.00119562 0.000308532
0.00120075 0.000259708
0.00129224 0.000561609
0.000880705 4.22803e-05
0.00239388 0.000169356
0.00131374 0.00086328
0.00135678 0.000896313
0.00130021 0.000909194
0.00228317 0.000573941
0.00212862 0.000419194
0.00235212 0.000248055
0.00235267 0.000200442
0.00210353 4.09614e-05
0.00232301 0.000122601
0.00237137 8.62412e-05
0.00236486 0.000131094
0.000802571 0.000723414
0.00219501 0.000170033
0.0021616 0.000222635
0.00214949 0.000175205
0.00211092 0.000231075
0.00135118 0.000664762
0.0013075 0.000667362
0.00131536 0.00062756
0.00230817 0.00020821
0.00226966 0.000254752
0.00225829 0.000202203
0.00220886 0.000215959
0.00223176 0.000160973
0.00211064 0.000375705
0.0021419 0.00035262
0.00212338 0.000321486
0.00200994 0.00064323
0.00196746 0.000633323
0.00204475 0.000132319
0.0020515 0.000180855
0.00200047 0.000190722
0.00209488 0.000130657
0.00210146 0.000178715
0.00210419 0.000290821
0.00208276 0.000263784
0.000442105 0.000305918
0.000396498 0.000327606
0.0013272 5.15523e-05
0.00137208 5.24255e-05
0.00231228 0.000249999
0.00114748 0.00065713
0.0011033 0.000649902
0.00112151 0.000628385
0.00111156 0.000682881
0.00107391 0.000645052
0.00108767 0.000606771
0.00208062 0.000482686
0.00214307 0.000129271
0.00208262 0.000530791
0.00213136 0.000564244
0.000759192 0.000688935
0.00215013 4.18708e-05
0.00216103 0.00038116
0.00218942 0.000358886
0.00216984 0.000328744
0.00217916 0.000420463
0.00214947 0.000302816
0.00213148 0.000272276
0.00118557 0.000896034
0.00202711 0.000495621
0.00213851 0.000603007
0.00219578 4.23068e-05
0.00199812 0.000543847
0.0019849 0.000587328
0.000927258 4.33309e-05
0.00133198 0.000236686
0.0013801 0.000235287
0.00138459 0.000196782
0.00136382 0.00027394
0.001941 0.000580607
0.00191493 0.000526917
0.00195895 0.000534921
0.00189709 0.000571798
0.00220744 0.000386831
0.00223589 0.000366816
0.0022176 0.000334343
0.00219617 0.000306873
0.00217089 0.000270863
0.000688031 0.000624561
0.00192339 0.000625693
0.00187899 0.000616454
0.00227977 0.000534121
0.00204134 8.20653e-05
0.00185252 0.000561206
0.00182471 0.000506099
0.00186993 0.000517045
0.00180747 0.000548979
0.00101282 0.000825792
0.00146276 0.000533252
0.0021693 0.000555828
0.00221224 0.000521808
0.00220586 0.000558901
0.00134657 0.000343568
0.00136177 0.000311919
0.00224027 4.32726e-05
0.00222813 0.000471369
0.00221972 0.000421959
0.000824456 0.000340699
0.00114874 0.000597999
0.00225254 0.000402338
0.00118586 0.000563577
0.00183439 0.00060479
0.00178961 0.00059157
0.0022841 0.000377793
0.00198955 0.000441922
0.00194554 0.000436774
0.00226549 0.000344693
0.00224737 0.000311003
0.00222215 0.000269307
0.00240771 0.000126209
0.00241445 8.72671e-05
0.00176231 0.000535865
0.00173363 0.000481466
0.00177915 0.000493874
0.00171704 0.000522317
0.00134564 0.00115813
0.00137228 0.00112301
0.00226284 0.000501896
0.00218685 0.000126895
0.00222865 8.62077e-05
0.00222255 0.000124179
0.00218824 8.47882e-05
0.00225449 0.000135455
0.00229591 0.000125672
0.00229077 0.000159962
0.00164265 0.000825477
0.00165896 0.000783714
0.00167518 0.000742099
0.00104856 8.95987e-05
0.00108378 0.000101981
0.000982948 0.000312158
0.00170912 0.000659643
0.00169193 0.000700781
0.00186732 0.000375573
0.00190079 0.000428234
0.00185514 0.000418783
0.00191342 0.000381295
0.00174477 0.000577347
0.00169986 0.000562755
0.00228602 4.40843e-05
0.00217499 0.000470778
0.00163214 0.000722902
0.00161653 0.000763413
0.00168237 0.00060285
0.00166504 0.000642746
0.00172703 0.00061855
0.00167182 0.000508634
0.00164262 0.000456225
0.00168807 0.000468805
0.00162661 0.000494977
0.000973778 4.36091e-05
0.00160071 0.000804048
0.00165498 0.000547993
0.00161013 0.000533375
0.0011097 7.10234e-05
0.00229267 0.000325524
0.00227783 0.000293833
0.000723014 0.000656621
0.00113382 0.000869225
0.00117286 0.000850972
0.00209773 0.000618634
0.00231256 0.000352791
0.00242656 4.43342e-05
0.00177628 0.000355837
0.00180937 0.000408706
0.00176346 0.000398213
0.00182215 0.000365484
0.00224637 0.000532983
0.00164834 0.00068274
0.00162101 0.000625834
0.00160482 0.000664722
0.00233274 0.000157762
0.00148958 0.000940424
0.00146906 0.000978264
0.00233441 4.38007e-05
0.00100635 8.62831e-05
0.00102045 4.36991e-05
0.00232576 8.61011e-05
0.00106988 4.34978e-05
0.00154658 0.000684723
0.00158937 0.000703856
0.0015321 0.000722818
0.00157427 0.000743185
0.00159352 0.000571437
0.00157739 0.000609305
0.00218503 0.000594955
0.00163808 0.000587085
0.0018425 0.000276037
0.00188144 0.000331427
0.00183329 0.000321346
0.00188794 0.000282651
0.00133498 0.000589287
0.00161204 0.000405512
0.00159716 0.000443673
0.00121005 0.000407807
0.0016577 0.000417002
0.00143212 0.000202122
0.000669926 0.000150527
0.000784507 0.000325424
0.00074965 0.000311776
0.00163775 0.000327884
0.00167153 0.000377315
0.00162554 0.00036689
0.0016837 0.000337106
0.00139818 0.00108752
0.00155891 0.000782631
0.00151755 0.000761061
0.00171737 0.000387708
0.00172979 0.000346371
0.00179618 0.000269
0.00178684 0.000312727
0.00233801 0.000329473
0.00231558 0.000295223
0.00150626 0.00066606
0.00149167 0.000702143
0.00154968 0.000556907
0.00153487 0.000594081
0.00141546 0.000894445
0.00145093 0.000916098
0.00139388 0.0009248
0.00143089 0.000952032
0.00238228 4.35122e-05
0.00147682 0.000739219
0.00123324 0.000295542
0.00122065 0.000350339
0.00136964 0.000768461
0.00133275 0.000744919
0.00138002 0.000725611
0.0013466 0.000710816
0.000993901 0.000881888
0.000996182 0.000936633
0.000964671 0.000905624
0.00102951 0.00090475
0.00235936 0.000294037
0.00144671 0.00101529
0.00142293 0.00105172
0.00174974 0.000262089
0.00174045 0.000304483
0.00171775 0.000171496
0.00175759 0.000219138
0.00171096 0.000213542
0.00176446 0.000175794
0.0011299 0.000107709
0.0011958 0.00013032
0.00172905 8.6339e-05
0.00177059 0.000132163
0.0017237 0.000129033
0.00177603 8.82658e-05
0.00185696 0.000184234
0.00189559 0.000234714
0.00184966 0.000230043
0.00189819 0.000188691
0.00158152 0.000481612
0.00156561 0.000519457
0.00109739 0.00073497
0.00140879 0.000987523
0.00138555 0.00102297
0.00170319 0.000255202
0.0016941 0.000296371
0.00181095 0.000179989
0.00180386 0.000224628
0.00228256 0.000629913
0.00129049 0.0012277
0.00152595 0.000861917
0.00146798 0.000878293
0.00150828 0.0009016
0.00222968 0.000612509
0.00137152 0.000959601
0.0013487 0.000994442
0.00165678 0.000248344
0.0016479 0.000288293
0.00147157 0.000648485
0.00152122 0.000630517
0.00148576 0.000616243
0.00141602 0.000650982
0.00145397 0.000678969
0.00149428 0.000581899
0.00150687 0.00054431
0.00143665 0.000715737
0.00139673 0.00069022
0.00163515 8.21775e-05
0.00167681 0.000125818
0.00163 0.000122771
0.0016821 8.41941e-05
0.00187059 9.17693e-05
0.00186413 0.000138224
0.00191389 9.37058e-05
0.00133498 0.000932227
0.00131326 0.000966864
0.00161085 0.000241558
0.00160208 0.000280202
0.0022638 9.15454e-05
0.0017808 4.41988e-05
0.00173378 4.32369e-05
0.00182316 9.00747e-05
0.00181738 0.000135124
0.00152088 0.000382761
0.00155177 0.000431306
0.0015065 0.000419237
0.00156629 0.000394082
0.00149154 0.000456153
0.00152126 0.000506494
0.00147689 0.000494258
0.00153663 0.000468913
0.00224104 0.000569929
0.00162441 0.000162923
0.00166433 0.000207902
0.00161819 0.000202508
0.00167097 0.000167068
0.00156655 0.00023509
0.00155721 0.00027199
0.00144734 0.000444658
0.00147562 0.00037209
0.0014616 0.000408291
0.00132505 0.00102874
0.00136142 0.00105805
0.00130046 0.00106254
0.00133634 0.00109272
0.00158836 8.05811e-05
0.00158347 0.000120615
0.00157867 0.000159921
0.00157366 0.000198043
0.00128969 0.00099956
0.00126505 0.00103218
0.0012567 0.00119518
0.00125612 0.000969126
0.0012303 0.00100109
0.00159167 0.000318513
0.00157963 0.000356477
0.00137697 0.000619501
0.00150104 0.000299543
0.00153404 0.000346159
0.00148875 0.000336118
0.00154614 0.000309058
0.00187613 4.58849e-05
0.00140331 0.000435466
0.00153334 0.000159658
0.00153312 0.000195013
0.0011954 0.000969042
0.00143103 0.000362446
0.00141721 0.000398691
0.00182804 4.5057e-05
0.00124014 0.00106503
0.00127526 0.00109609
0.00121478 0.00109777
0.00124935 0.0011295
0.00117074 0.0010027
0.00120542 0.00103373
0.00114665 0.00103478
0.00118054 0.00106607
0.00145605 0.000290242
0.00144407 0.000326752
0.00154189 7.97647e-05
0.00153738 0.000119959
0.00163984 4.12261e-05
0.00159297 4.04173e-05
0.00115882 0.000938613
0.00154628 3.98821e-05
0.00113691 0.000974052
0.0011142 0.00100529
0.00135953 0.000427577
0.00168681 4.22089e-05
0.00138793 0.000353645
0.00137396 0.000389854
0.00149623 7.91647e-05
0.00149148 0.000119575
0.00141152 0.000281701
0.0014007 0.000318221
0.00142265 0.000242929
0.00112181 0.00106575
0.0011552 0.00109789
0.00118892 0.00113027
0.00150024 3.9429e-05
0.00131047 0.0011271
0.0012839 0.00116126
0.0010893 0.00103429
0.00105833 0.00100259
0.00126708 0.000489805
0.00123102 0.000447959
0.00122278 0.00116273
0.00145572 3.86302e-05
0.00141544 3.72724e-05
0.00188602 0.000472641
0.00193098 0.000481222
0.00179486 0.000451446
0.00184044 0.000462361
0.00170329 0.000428482
0.00174901 0.000439978
0.00124947 0.000539362
0.00131815 0.00119315
0.00022108 0.000141043
0.0012421 0.000122752
0.00112014 0.000915331
0.00124077 0.000385396
0.00130493 0.000710759
0.0012872 0.000739502
0.00133843 0.0001913
0.00103161 0.000288267
0.000478017 0.000261302
0.00102802 0.000969411
0.00131999 0.000417392
0.00130068 0.000453583
0.0019156 0.000309938
0.0019093 0.000349129
0.001931 0.000334749
0.000832293 0.000769181
0.00125177 0.000170873
0.00127617 0.000660362
0.00124705 0.000671024
0.00123001 0.000638373
0.000998422 0.000132416
0.00130324 0.00077095
0.00197603 0.00048815
0.00139276 0.000153391
0.00214407 8.5025e-05
0.00200183 9.45182e-05
0.00127358 0.000417467
0.00117675 0.000630699
0.00111617 2.72305e-05
0.00156244 0.000647281
0.0015428 0.000822216
0.00209677 8.47418e-05
0.00130109 0.000816287
0.00141797 0.000757077
0.00115456 0.000143659
0.000909757 0.000371214
0.00101823 0.000539878

mfem_serial_mesh_end

communication_groups
number_of_groups 4

# number of entities in each group, followed by ranks in group
1 1
2 1 3
2 0 1
3 0 1 3

total_shared_vertices 51
total_shared_edges 50

# group 0 has no shared entities

# group 1
shared_vertices 17
52
482
486
488
489
565
579
580
583
587
593
594
601
645
646
695
717

shared_edges 17
565 601
488 717
482 593
482 489
695 717
645 695
587 645
579 601
488 489
52 646
583 587
580 583
486 565
594 646
579 580
593 594
486 745

# group 2
shared_vertices 33
90
471
510
511
544
563
564
585
586
599
600
609
610
611
615
616
621
629
635
644
656
657
669
688
689
718
719
746
747
749
750
873
904

shared_edges 33
471 510
544 669
718 719
599 600
600 688
688 719
657 718
615 616
746 873
599 873
611 616
615 629
586 621
621 629
90 746
610 611
656 657
689 904
635 689
564 585
609 610
585 586
609 635
656 749
747 904
747 749
544 644
745 750
563 564
511 563
510 511
669 750
471 644

# group 3
shared_vertices 1
745

shared_edges 0

mfem_mesh_end
