MFEM mesh v1.2

#
# MFEM Geometry Types (see mesh/geom.hpp):
#
# POINT       = 0
# SEGMENT     = 1
# TRIANGLE    = 2
# SQUARE      = 3
# TETRAHEDRON = 4
# CUBE        = 5
# PRISM       = 6
# PYRAMID     = 7
#

dimension
2

elements
886
4 2 43 44 42
4 2 48 43 50
4 2 50 57 56
4 2 64 62 63
4 2 94 95 93
4 2 80 96 78
4 2 104 102 103
4 2 121 39 120
4 2 126 3 4
4 2 137 84 81
4 2 155 158 159
4 2 162 154 159
4 2 157 156 181
4 2 191 192 193
4 2 195 196 93
4 2 205 162 211
4 2 212 220 221
4 2 220 228 201
4 2 215 248 216
4 2 257 242 256
4 2 276 274 273
4 2 280 267 266
4 2 175 257 294
4 2 108 299 300
4 2 27 309 310
4 2 328 329 278
4 2 57 371 372
4 2 36 373 122
4 2 399 237 398
4 2 405 406 363
4 2 407 107 109
4 2 393 408 342
4 2 428 396 429
4 2 91 431 73
4 2 433 432 441
4 2 30 423 442
4 2 467 460 459
4 2 44 74 106
4 2 371 469 164
4 2 500 55 53
4 2 505 428 506
4 2 514 512 513
4 2 531 507 530
4 2 37 500 56
4 2 545 95 544
4 2 492 268 553
4 2 316 297 359
4 2 565 327 326
4 2 468 208 332
4 2 573 424 29
4 2 121 440 448
4 2 134 238 418
4 2 380 472 479
4 2 584 101 585
4 2 316 588 317
4 2 620 618 614
4 2 401 113 427
4 2 246 234 624
4 2 628 345 629
4 2 192 631 283
4 2 610 21 22
4 2 636 642 643
4 2 447 649 650
4 2 629 653 598
4 2 157 428 97
4 2 446 582 388
4 2 521 675 519
4 2 624 692 626
4 2 695 696 72
4 2 82 276 81
4 2 141 217 58
4 2 167 509 616
4 2 380 709 708
4 2 184 183 213
4 2 397 714 715
4 2 145 569 722
4 2 264 254 259
4 2 167 733 168
4 2 592 712 366
4 2 739 736 337
4 2 742 617 718
4 2 152 151 173
4 2 750 460 392
4 2 238 239 430
4 2 373 496 494
4 2 379 762 476
4 2 512 452 449
4 2 251 572 252
4 2 433 786 434
4 2 751 261 260
4 2 750 619 788
4 2 787 571 760
4 2 415 623 416
4 2 424 209 439
4 2 478 34 511
4 2 240 149 148
4 2 809 586 421
4 2 198 175 174
4 2 504 578 595
4 2 515 531 595
4 2 520 498 497
4 2 475 292 65
4 2 576 82 83
4 2 344 567 311
4 2 357 321 383
4 2 358 329 341
4 2 823 517 473
4 2 217 657 180
4 2 274 576 99
4 2 412 102 413
4 2 409 591 537
4 2 163 165 172
4 2 535 582 630
4 2 563 829 681
4 2 602 830 523
4 2 365 590 592
4 2 526 463 615
4 2 525 782 831
4 2 419 463 527
4 2 21 485 20
4 2 834 548 768
4 2 360 557 549
4 2 736 740 735
4 2 105 347 570
4 2 147 149 832
4 2 356 339 534
4 2 213 219 212
4 2 384 405 253
4 2 302 328 229
4 2 818 327 420
4 2 308 305 315
4 2 611 22 23
4 2 301 67 85
4 2 420 808 836
4 2 619 620 319
4 2 586 415 488
4 2 425 822 78
4 2 193 51 839
4 2 385 324 839
4 2 353 358 355
4 2 575 207 161
4 2 812 814 503
4 2 115 828 561
4 2 31 651 646
4 2 160 87 794
4 2 647 280 842
4 2 75 573 658
4 2 484 480 481
4 2 411 676 701
4 2 680 767 547
4 2 476 710 479
4 2 728 128 727
4 2 826 113 585
4 2 10 365 9
4 2 100 101 844
4 2 199 200 459
4 2 690 23 24
4 2 16 781 15
4 2 814 811 816
4 2 542 540 825
4 2 92 399 90
4 2 827 644 645
4 2 834 819 640
4 2 493 781 269
4 2 572 456 455
4 2 813 812 530
4 2 742 707 499
4 2 603 636 617
4 2 250 799 800
4 2 590 828 114
4 2 761 125 609
4 2 583 434 529
4 2 685 334 538
4 2 778 2 3
4 2 411 344 343
4 2 458 338 309
4 2 789 528 786
4 2 271 387 255
4 2 627 726 755
4 2 2 748 1
4 2 714 589 815
4 2 671 692 670
4 2 505 661 840
4 2 622 649 703
4 3 720 713 691 686
4 3 676 682 697 701
4 3 364 737 7 8
4 3 713 720 719 711
4 3 737 738 6 7
4 3 664 669 214 662
4 3 687 705 697 679
4 3 705 687 691 716
4 3 678 682 665 662
4 3 712 713 711 366
4 3 687 688 686 691
4 3 713 712 716 691
4 3 737 364 366 711
4 3 682 678 679 697
4 3 706 705 716 596
4 3 738 737 711 719
4 3 663 664 662 665
4 3 54 52 53 55
4 3 705 706 701 697
4 3 720 728 727 719
4 3 241 240 148 837
4 3 728 720 686 702
4 3 688 687 679 248
4 3 58 217 180 61
4 3 133 130 322 150
4 3 101 100 44 106
4 3 307 176 177 305
4 3 808 240 241 836
4 3 739 337 338 632
4 3 380 381 382 472
4 3 672 634 635 666
4 3 753 245 189 844
4 3 307 306 291 289
4 3 666 675 674 672
4 3 648 647 842 660
4 3 694 671 672 674
4 3 284 279 197 285
4 3 647 648 646 651
4 3 664 663 659 660
4 3 674 699 698 694
4 3 694 698 725 693
4 3 738 667 5 6
4 3 415 417 543 488
4 3 655 663 665 843
4 3 776 129 806 797
4 3 288 284 285 289
4 3 386 419 420 836
4 3 673 746 770 745
4 3 698 730 729 725
4 3 491 565 524 486
4 3 699 700 730 698
4 3 678 216 248 679
4 3 486 524 18 19
4 3 176 307 289 285
4 3 791 790 758 792
4 3 731 730 700 732
4 3 284 288 230 185
4 3 757 729 730 731
4 3 729 757 756 754
4 3 774 802 804 805
4 3 669 266 247 214
4 3 646 648 658 573
4 3 790 756 757 758
4 3 296 315 305 177
4 3 724 723 693 725
4 3 790 791 286 789
4 3 846 796 797 806
4 3 732 744 759 731
4 3 759 766 792 758
4 3 232 231 304 219
4 3 37 36 39 500
4 3 693 692 671 694
4 3 758 757 731 759
4 3 745 770 769 749
4 3 766 795 798 792
4 3 663 655 76 659
4 3 773 799 803 772
4 3 777 778 129 776
4 3 725 729 754 724
4 3 148 150 322 837
4 3 800 769 770 771
4 3 744 764 766 759
4 3 9 365 364 8
4 3 129 126 128 806
4 3 232 183 185 230
4 3 318 264 775 319
4 3 769 800 799 773
4 3 564 802 772 803
4 3 562 804 802 564
4 3 183 232 219 213
4 3 42 57 50 43
4 3 175 198 242 257
4 3 795 766 764 765
4 3 712 592 596 716
4 3 613 822 425 832
4 3 804 562 550 551
4 3 649 622 741 650
4 3 570 347 348 275
4 3 723 626 692 693
4 3 131 132 130 133
4 3 108 300 349 351
4 3 416 623 545 544
4 3 104 562 564 484
4 3 387 271 241 837
4 3 573 29 31 646
4 3 279 284 185 182
4 3 153 371 164 166
4 3 231 303 226 304
4 3 176 174 175 177
4 3 771 770 746 763
4 3 388 582 374 587
4 3 286 267 280 810
4 3 608 607 414 801
4 3 491 71 70 565
4 3 251 540 541 572
4 3 389 623 809 607
4 3 805 804 551 807
4 3 735 310 337 736
4 3 734 733 625 627
4 3 567 344 410 566
4 3 116 115 554 558
4 3 647 841 810 280
4 3 782 781 16 831
4 3 515 516 457 577
4 3 575 517 518 207
4 3 778 777 748 2
4 3 809 421 414 607
4 3 728 846 806 128
4 3 555 474 385 406
4 3 387 323 357 255
4 3 334 335 333 538
4 3 447 335 334 649
4 3 306 307 305 308
4 3 671 670 634 672
4 3 756 790 789 786
4 3 507 531 597 661
4 3 567 566 559 568
4 3 527 818 420 419
4 3 212 211 158 213
4 3 303 302 229 226
4 3 398 822 613 431
4 3 485 437 491 486
4 3 809 623 415 586
4 3 317 588 589 838
4 3 135 134 418 427
4 3 470 472 382 346
4 3 515 595 578 516
4 3 640 361 548 834
4 3 828 590 365 10
4 3 803 480 484 564
4 3 733 167 616 625
4 3 272 791 792 798
4 3 796 795 765 797
4 3 414 412 413 801
4 3 87 160 161 207
4 3 464 451 450 552
4 3 446 631 630 582
4 3 677 342 408 655
4 3 629 598 835 628
4 3 228 227 204 201
4 3 709 710 533 249
4 3 93 196 218 94
4 3 707 742 744 732
4 3 126 129 778 3
4 3 549 547 548 360
4 3 463 526 270 527
4 3 171 170 163 172
4 3 102 104 402 845
4 3 659 658 648 660
4 3 584 401 117 118
4 3 112 135 427 113
4 3 88 86 87 207
4 3 611 92 610 22
4 3 746 673 447 650
4 3 669 664 660 842
4 3 626 723 726 627
4 3 475 65 474 555
4 3 400 430 652 119
4 3 248 215 436 688
4 3 834 644 827 819
4 3 490 489 551 550
4 3 463 462 320 615
4 3 202 203 201 204
4 3 517 575 471 473
4 3 18 524 525 17
4 3 682 676 843 665
4 3 685 538 684 510
4 3 31 38 539 651
4 3 488 489 490 586
4 3 560 554 115 561
4 3 783 282 767 680
4 3 503 814 821 608
4 3 227 228 226 229
4 3 256 261 574 257
4 3 578 413 102 845
4 3 92 90 89 610
4 3 303 231 233 301
4 3 267 286 791 272
4 3 359 297 557 360
4 3 106 74 478 826
4 3 681 680 547 549
4 3 653 654 840 661
4 3 357 383 384 253
4 3 20 485 486 19
4 3 215 216 214 247
4 3 233 230 288 290
4 3 677 676 411 343
4 3 515 577 597 531
4 3 322 323 387 837
4 3 555 384 383 475
4 3 320 318 319 620
4 3 109 107 108 351
4 3 408 77 76 655
4 3 208 188 439 209
4 3 266 669 842 280
4 3 493 269 268 492
4 3 126 4 668 128
4 3 823 473 628 835
4 3 143 461 482 483
4 3 680 780 779 783
4 3 241 271 386 836
4 3 541 518 456 572
4 3 327 696 808 420
4 3 468 467 459 200
4 3 51 45 385 839
4 3 444 188 208 468
4 3 409 411 701 706
4 3 101 584 753 844
4 3 398 237 79 822
4 3 400 401 427 418
4 3 228 220 304 226
4 3 100 469 42 44
4 3 788 775 362 370
4 3 530 507 506 813
4 3 324 354 193 839
4 3 380 708 375 381
4 3 359 361 588 316
4 3 634 633 601 635
4 3 442 423 443 602
4 3 345 628 470 346
4 3 315 316 317 308
4 3 830 602 762 379
4 3 223 110 79 237
4 3 800 771 258 250
4 3 534 369 194 356
4 3 41 95 94 404
4 3 549 557 563 681
4 3 589 714 397 838
4 3 140 60 652 206
4 3 812 813 811 814
4 3 221 220 201 203
4 3 99 98 105 570
4 3 302 303 301 85
4 3 315 296 297 316
4 3 379 161 160 830
4 3 331 332 210 394
4 3 399 689 224 237
4 3 97 576 83 157
4 3 472 470 471 477
4 3 714 816 811 715
4 3 56 57 372 37
4 3 231 232 230 233
4 3 151 170 144 173
4 3 252 572 455 501
4 3 422 423 424 439
4 3 92 611 689 399
4 3 497 498 499 707
4 3 558 559 536 116
4 3 772 747 743 773
4 3 579 168 733 734
4 3 39 121 55 500
4 3 765 764 718 721
4 3 657 217 263 287
4 3 189 165 164 469
4 3 249 186 587 709
4 3 79 80 78 822
4 3 108 107 110 299
4 3 493 14 15 781
4 3 14 493 492 13
4 3 526 615 614 568
4 3 227 278 277 204
4 3 40 544 95 41
4 3 116 536 537 114
4 3 388 188 444 446
4 3 466 124 579 571
4 3 59 60 58 61
4 3 325 326 327 818
4 3 577 457 454 835
4 3 396 428 157 181
4 3 202 263 217 141
4 3 406 405 384 555
4 3 519 520 497 521
4 3 239 154 162 206
4 3 35 153 152 496
4 3 204 277 263 202
4 3 142 143 483 599
4 3 462 265 318 320
4 3 450 449 452 453
4 3 402 481 501 516
4 3 149 240 695 612
4 3 90 399 398 431
4 3 345 346 347 654
4 3 296 294 295 297
4 3 180 178 179 61
4 3 293 171 172 244
4 3 798 438 435 272
4 3 83 82 66 68
4 3 340 136 276 273
4 3 49 43 48 32
4 3 654 653 629 345
4 3 782 820 269 781
4 3 748 643 642 1
4 3 358 341 339 356
4 3 411 409 410 344
4 3 780 680 681 829
4 3 200 199 46 445
4 3 667 738 719 727
4 3 610 89 485 21
4 3 177 175 294 296
4 3 528 810 841 532
4 3 220 212 219 304
4 3 339 136 340 534
4 3 336 181 156 69
4 3 287 263 277 330
4 3 675 521 699 674
4 3 430 400 418 238
4 3 136 137 81 276
4 3 313 343 344 311
4 3 490 522 421 586
4 3 499 603 617 742
4 3 221 205 211 212
4 3 717 777 776 721
4 3 799 250 480 803
4 3 67 68 66 85
4 3 762 602 443 533
4 3 710 709 380 479
4 3 641 639 640 819
4 3 189 469 100 844
4 3 585 113 401 584
4 3 49 74 44 43
4 3 656 62 64 487
4 3 567 568 614 618
4 3 545 195 93 95
4 3 537 536 410 409
4 3 793 348 382 381
4 3 492 553 554 560
4 3 86 88 542 465
4 3 292 293 64 65
4 3 710 476 762 533
4 3 591 409 706 596
4 3 405 363 362 259
4 3 700 699 521 683
4 3 148 149 147 150
4 3 251 250 258 540
4 3 169 167 168 123
4 3 506 428 429 813
4 3 222 736 739 299
4 3 407 373 494 96
4 3 542 825 609 465
4 3 585 101 106 826
4 3 789 286 810 528
4 3 453 452 523 830
4 3 325 782 525 326
4 3 324 385 474 63
4 3 250 251 252 480
4 3 616 509 580 246
4 3 508 581 580 509
4 3 404 94 827 645
4 3 636 605 637 642
4 3 824 553 268 270
4 3 764 744 742 718
4 3 633 634 670 234
4 3 273 704 367 340
4 3 152 173 131 495
4 3 298 77 394 210
4 3 235 234 246 580
4 3 115 116 114 828
4 3 123 124 125 622
4 3 308 395 336 306
4 3 97 98 99 576
4 3 235 580 581 621
4 3 583 529 638 606
4 3 278 329 330 277
4 3 435 215 247 272
4 3 198 174 197 225
4 3 408 393 394 77
4 3 234 235 236 633
4 3 338 458 599 483
4 3 562 104 103 550
4 3 513 512 638 532
4 3 644 834 768 281
4 3 726 441 432 755
4 3 259 254 253 405
4 3 118 179 753 584
4 3 433 441 724 754
4 3 203 202 141 140
4 3 591 590 114 537
4 3 654 347 105 840
4 3 86 465 464 552
4 3 432 433 434 583
4 3 97 428 505 98
4 3 541 540 542 88
4 3 624 234 670 692
4 3 314 393 342 313
4 3 455 456 454 457
4 3 639 588 361 640
4 3 111 112 113 826
4 3 136 339 341 137
4 3 366 364 365 592
4 3 156 157 83 68
4 3 816 714 815 817
4 3 592 590 591 596
4 3 203 140 205 221
4 3 436 438 796 846
4 3 206 652 430 239
4 3 294 257 574 295
4 3 205 140 206 162
4 3 487 244 657 287
4 3 466 571 451 464
4 3 55 121 448 54
4 3 314 750 392 393
4 3 788 619 319 775
4 3 417 415 416 556
4 3 505 506 507 661
4 3 321 146 145 722
4 3 685 510 169 703
4 3 793 368 367 704
4 3 159 158 211 162
4 3 122 120 39 36
4 3 76 75 658 659
4 3 636 643 717 617
4 3 73 72 71 91
4 3 619 312 618 620
4 3 821 817 391 390
4 3 145 132 144 569
4 3 306 336 69 291
4 3 761 609 825 785
4 3 494 495 426 96
4 3 613 612 73 431
4 3 482 349 300 632
4 3 754 756 786 433
4 3 457 516 501 455
4 3 514 523 452 512
4 3 767 282 281 768
4 3 178 244 190 245
4 3 755 760 734 627
4 3 539 513 532 841
4 3 178 180 657 244
4 3 48 50 53 52
4 3 522 103 102 412
4 3 132 131 173 144
4 3 833 69 67 301
4 3 66 82 81 84
4 3 395 308 317 838
4 3 448 440 138 377
4 3 739 632 300 299
4 3 546 489 488 543
4 3 341 329 328 137
4 3 353 62 656 330
4 3 824 568 559 558
4 3 503 504 502 812
4 3 194 192 191 356
4 3 82 576 274 276
4 3 168 579 124 123
4 3 449 450 451 606
4 3 773 743 749 769
4 3 33 34 478 74
4 3 56 500 53 50
4 3 606 451 571 787
4 3 752 261 751 847
4 3 386 271 265 462
4 3 191 193 354 355
4 3 569 144 170 171
4 3 224 222 223 237
4 3 323 322 130 146
4 3 216 678 662 214
4 3 278 227 229 328
4 3 138 440 352 139
4 3 374 368 375 708
4 3 722 569 292 475
4 3 313 311 312 314
4 3 821 814 816 817
4 3 390 195 389 607
4 3 718 617 717 721
4 3 668 667 727 128
4 3 350 121 120 351
4 3 45 363 406 385
4 3 38 30 442 514
4 3 195 390 391 196
4 3 407 109 122 373
4 3 127 125 124 466
4 3 444 468 200 445
4 3 283 51 193 192
4 3 350 351 349 352
4 3 243 242 198 225
4 3 397 396 395 838
4 3 604 603 499 498
4 3 236 593 594 600
4 3 367 369 534 340
4 3 383 321 722 475
4 3 467 331 392 460
4 3 625 624 626 627
4 3 47 45 46 199
4 3 656 487 287 330
4 3 246 624 625 616
4 3 38 514 513 539
4 3 763 741 761 785
4 3 60 140 141 58
4 3 464 465 127 466
4 3 59 118 117 119
4 3 254 265 271 255
4 3 329 358 353 330
4 3 768 548 547 767
4 3 847 784 779 780
4 3 638 512 449 606
4 3 589 588 639 815
4 3 309 27 28 458
4 3 312 619 750 314
4 3 780 829 752 847
4 3 91 89 90 431
4 3 633 236 600 601
4 3 379 476 477 403
4 3 487 64 293 244
4 3 374 582 535 368
4 3 528 529 434 786
4 3 703 169 123 622
4 3 42 469 371 57
4 3 273 274 275 704
4 3 258 785 825 540
4 3 120 122 109 351
4 3 295 563 557 297
4 3 377 376 54 448
4 3 689 690 740 224
4 3 35 36 37 372
4 3 72 73 612 695
4 3 456 518 517 823
4 3 484 481 402 104
4 3 574 261 752 829
4 3 164 165 163 166
4 3 827 94 218 819
4 3 787 760 755 432
4 3 324 63 62 354
4 3 270 268 269 820
4 3 502 531 530 812
4 3 13 492 560 12
4 3 828 10 11 561
4 3 642 637 0 1
4 3 478 511 111 826
4 3 54 376 378 52
4 3 690 689 611 23
4 3 242 243 262 256
4 3 763 746 650 741
4 3 787 432 583 606
4 3 171 293 292 569
4 3 393 392 331 394
4 3 815 639 641 817
4 3 453 830 160 794
4 3 249 533 422 187
4 3 46 45 51 283
4 3 190 165 189 245
4 3 158 155 184 213
4 3 522 490 550 103
4 3 407 96 80 107
4 3 328 302 84 137
4 3 153 35 372 371
4 3 169 510 509 167
4 3 391 817 641 196
4 3 187 188 186 249
4 3 413 578 504 801
4 3 127 465 609 125
4 3 703 649 334 685
4 3 80 79 110 107
4 3 445 46 283 631
4 3 793 704 275 348
4 3 524 565 326 525
4 3 820 818 527 270
4 3 183 184 182 185
4 3 721 776 797 765
4 3 460 750 788 370
4 3 807 551 489 546
4 3 70 71 72 696
4 3 688 436 702 686
4 3 620 614 615 320
4 3 170 151 166 163
4 3 833 290 291 69
4 3 321 357 323 146
4 3 483 482 632 338
4 3 424 573 75 298
4 3 373 36 35 496
4 3 553 824 558 554
4 3 259 362 775 264
4 3 260 261 256 262
4 3 795 796 438 798
4 3 459 460 370 199
4 3 570 275 274 99
4 3 495 131 133 426
4 3 641 819 218 196
4 3 375 368 793 381
4 3 194 369 535 630
4 3 440 121 350 352
4 3 161 379 403 575
4 3 33 74 49 32
4 3 5 667 668 4
4 3 151 152 153 166
4 3 735 740 25 26
4 3 683 707 732 700
4 3 98 505 840 105
4 3 233 290 833 301
4 3 441 726 723 724
4 3 422 533 443 423
4 3 426 425 78 96
4 3 125 761 741 622
4 3 442 602 523 514
4 3 695 240 808 696
4 3 247 266 267 272
4 3 310 735 26 27
4 3 495 494 496 152
4 3 545 623 389 195
4 3 132 145 146 130
4 3 563 295 574 829
4 3 222 224 740 736
4 3 208 209 210 332
4 3 747 772 802 774
4 3 429 396 397 715
4 3 597 598 653 661
4 3 630 631 192 194
4 3 290 288 289 291
4 3 325 818 820 782
4 3 47 199 370 362
4 3 24 25 740 690
4 3 174 176 285 197
4 3 813 429 715 811
4 3 172 165 190 244
4 3 348 347 346 382
4 3 823 835 454 456
4 3 526 568 824 270
4 3 327 565 70 696
4 3 88 207 518 541
4 3 446 444 445 631
4 3 265 254 264 318
4 3 544 40 556 416
4 3 390 607 608 821
4 3 179 178 245 753
4 3 354 62 353 355
4 3 395 396 181 336
4 3 309 338 337 310
4 3 777 717 643 748
4 3 60 59 119 652
4 3 65 64 63 474
4 3 150 147 426 133
4 3 502 504 595 531
4 3 356 191 355 358
4 3 85 66 84 302
4 3 68 67 69 156
4 3 31 29 30 38
4 3 61 179 118 59
4 3 462 463 419 386
4 3 349 482 461 352
4 3 437 91 71 491
4 3 425 426 147 832
4 3 223 222 299 110
4 3 369 367 368 535
4 3 29 424 423 30
4 3 361 359 360 548
4 3 587 374 708 709
4 3 12 560 561 11
4 3 603 604 605 636
4 3 477 476 479 472
4 3 236 235 621 593
4 3 832 149 612 613
4 3 87 86 552 794
4 3 47 362 363 45
4 3 412 414 421 522
4 3 253 254 255 357
4 3 298 210 209 424
4 3 343 313 342 677
4 3 75 76 77 298
4 3 651 539 841 647
4 3 481 480 252 501
4 3 117 401 400 119
4 3 467 468 332 331
4 3 618 312 311 567
4 3 529 528 532 638
4 3 503 608 801 504
4 3 508 509 510 684
4 3 473 471 470 628
4 3 89 91 437 485
4 3 436 215 435 438
4 3 771 763 785 258
4 3 139 352 461 143
4 3 702 436 846 728
4 3 598 597 577 835
4 3 794 552 450 453
4 3 683 521 497 707
4 3 579 734 760 571
4 3 677 655 843 676
4 3 403 477 471 575
4 3 566 410 536 559
4 3 186 188 388 587
4 3 187 422 439 188
4 3 17 525 831 16
4 3 845 402 516 578

boundary
28
1 1 0 1
1 1 1 2
1 1 2 3
1 1 3 4
1 1 4 5
1 1 5 6
1 1 6 7
1 1 7 8
1 1 8 9
1 1 9 10
1 1 10 11
1 1 11 12
1 1 12 13
1 1 13 14
1 1 14 15
1 1 15 16
1 1 16 17
1 1 17 18
1 1 18 19
1 1 19 20
1 1 20 21
1 1 21 22
1 1 22 23
1 1 23 24
1 1 24 25
1 1 25 26
1 1 26 27
1 1 27 28

vertices
848
2
0.00244242 0
0.00248939 0
0.00253636 0
0.00258333 0
0.0026303 0
0.00267727 0
0.00272424 0
0.00277121 0
0.00281818 0
0.00286515 0
0.00291212 0
0.00295909 0
0.00300606 0
0.00305303 0
0.0031 0
0.00314697 0
0.00319394 0
0.00324091 0
0.00328788 0
0.00333485 0
0.00338182 0
0.00342879 0
0.00347576 0
0.00352273 0
0.0035697 0
0.00361667 0
0.00366364 0
0.00371061 0
0.00375758 0
0.00276618 0.000456867
0.00275108 0.000485771
0.0027356 0.000441415
0.00380382 0.000603524
0.00378643 0.000652063
0.00381792 0.000687309
0.00358546 0.000440778
0.00363444 0.000396595
0.00365417 0.000445137
0.00271744 0.000467831
0.0036913 0.000380632
0.00258914 0.00124917
0.00262914 0.00127168
0.00364929 0.000579773
0.003717 0.000579716
0.00367271 0.000636559
0.00311951 0.000506649
0.003067 0.000518046
0.00309681 0.000464662
0.00378671 0.000533985
0.00375086 0.00061247
0.00371682 0.000508932
0.00311282 0.000561679
0.00380531 0.000464751
0.00375007 0.000457766
0.00381443 0.00040532
0.00375883 0.000406406
0.00368119 0.000474557
0.0036498 0.000520513
0.0034382 0.000844478
0.00350245 0.000843565
0.00347135 0.000885903
0.0034659 0.000806473
0.00322435 0.000659647
0.00322458 0.000599218
0.00328712 0.000621271
0.00328046 0.000560607
0.00305248 0.000924581
0.00306364 0.000989099
0.0030229 0.000964373
0.00304588 0.00103827
0.00333129 0.000121489
0.00336202 0.00011527
0.00336523 0.000148694
0.00339951 0.000150605
0.00373934 0.000660626
0.00281734 0.000396826
0.00283113 0.000362372
0.00287336 0.000379504
0.00351005 0.00024863
0.00354738 0.000195
0.00355146 0.0002419
0.00304653 0.000860385
0.00300967 0.000892138
0.00298349 0.000938771
0.00308243 0.000887965
0.00309313 0.000954033
0.00260012 0.000664921
0.00263842 0.000659797
0.00260192 0.000709155
0.00343346 6.91726e-05
0.00346407 9.34079e-05
0.00340399 0.000104228
0.00348274 6.10788e-05
0.00267639 0.00120951
0.00269037 0.00125189
0.00264446 0.00122908
0.00353194 0.000295585
0.002915 0.000933181
0.00288502 0.000900815
0.00291196 0.000869171
0.00361471 0.000654959
0.00362467 0.000713165
0.00259738 0.0009849
0.0025609 0.00100268
0.00256088 0.000958506
0.00286211 0.000867405
0.00368358 0.000696569
0.00360611 0.000244077
0.00365994 0.000221341
0.00363588 0.000292159
0.00359556 0.000186412
0.00377141 0.000786792
0.00375542 0.000852638
0.00368052 0.000821074
0.0029405 0.000106661
0.00298246 8.01992e-05
0.00297667 0.00011655
0.00355938 0.000841254
0.00353654 0.000808163
0.00354134 0.000876938
0.00368764 0.000331047
0.00374935 0.000343147
0.00364224 0.000336557
0.00242585 0.000619961
0.0024715 0.000616503
0.00248031 0.000664955
0.0026095 3.99929e-05
0.00251495 0.000646909
0.00264323 6.6601e-05
0.00258524 6.82138e-05
0.00338152 0.00038892
0.00344263 0.000404963
0.0034017 0.000433865
0.00341874 0.00035602
0.00369054 0.000986141
0.00371792 0.000916479
0.00304219 0.000794032
0.00309027 0.000832439
0.00384758 0.000287116
0.00384045 0.000237276
0.00342463 0.000933432
0.00339879 0.000869132
0.00385634 0.000127289
0.00382792 0.000177502
0.003419 0.00048101
0.00336524 0.000454971
0.00334424 0.000416442
0.00341749 0.000280015
0.00335779 0.000279333
0.00338864 0.000240205
0.00338864 0.000314209
0.00347623 0.000493112
0.00350716 0.000439277
0.0035445 0.000484858
0.00349079 0.00108343
0.00341465 0.00113483
0.00299795 0.001002
0.00294934 0.000976584
0.00338983 0.0010872
0.00343592 0.00108816
0.00266895 0.000640271
0.00268916 0.000666062
0.00344452 0.00103422
0.00346689 0.000561701
0.00353259 0.000568067
0.00348907 0.000613166
0.00350481 0.000527291
0.00238564 0.000571058
0.00242702 0.000579991
0.00238063 0.000617251
0.00344112 0.000525122
0.00340155 0.000562781
0.0034345 0.000601048
0.00345663 0.000452137
0.00312532 0.00124759
0.00308085 0.00127445
0.00309619 0.00120605
0.00305078 0.00122658
0.00345802 0.000728176
0.00350033 0.000767762
0.00343039 0.000770065
0.00295876 0.00102954
0.00328163 0.00118906
0.0032823 0.00111479
0.00334126 0.0011542
0.00324098 0.00114098
0.00289043 0.000579332
0.00286359 0.000554413
0.0029082 0.000540736
0.00353542 0.000649642
0.00346644 0.000658919
0.00310682 0.000657828
0.0030724 0.000618082
0.00312368 0.00060963
0.00304038 0.000659495
0.00266437 0.00116796
0.00271229 0.00119128
0.00317395 0.00123433
0.00313617 0.0012939
0.00305731 0.000465941
0.00301519 0.000484331
0.00331188 0.000928119
0.00334908 0.000874126
0.00335935 0.000930589
0.00329507 0.000879753
0.00340338 0.000994887
0.00348176 0.000979965
0.00265306 0.000699691
0.00292138 0.000487031
0.00288308 0.000472744
0.0028959 0.000435473
0.00339055 0.00104272
0.00334016 0.00102975
0.00333406 0.00108719
0.00271491 0.00027067
0.00268051 0.000225376
0.00272216 0.000240523
0.00339245 0.000809797
0.00271986 0.00122972
0.0032878 0.00104657
0.00330472 0.000977119
0.00335928 0.000979855
0.00361213 0.00012394
0.00358646 0.00015043
0.00357547 9.36592e-05
0.0032001 0.0012927
0.0032249 0.000954773
0.00324432 0.000890902
0.00326635 0.000935929
0.00319891 0.000908202
0.00320236 0.00109482
0.00321104 0.00102499
0.00324743 0.00107067
0.00316571 0.00104937
0.0023346 0.000450918
0.00229349 0.000479429
0.00227148 0.000440627
0.00354699 0.000139498
0.00361184 0.000999856
0.00354013 0.00102144
0.00333453 0.000230645
0.00329266 0.000266413
0.00312756 0.00133782
0.00318506 0.0013581
0.00340244 0.000670314
0.00349615 0.000688994
0.00234761 0.000499806
0.00267508 0.000266204
0.00272324 0.000208827
0.00285976 0.000582917
0.0025127 0.000827667
0.00255686 0.000806866
0.00257532 0.000842522
0.00322762 0.000411119
0.00320292 0.000363919
0.00325296 0.000354738
0.00309839 0.00137953
0.00306783 0.00133102
0.00250214 0.000781167
0.00316496 0.000398745
0.00309928 0.0014545
0.00304765 0.0014129
0.00315159 0.00141708
0.00333274 0.000814107
0.00315053 0.000356418
0.00319087 0.000308106
0.0026754 0.000299972
0.00264194 0.000307717
0.00310268 9.18618e-05
0.00313536 7.31067e-05
0.00312342 0.000140645
0.00324792 0.000299069
0.00263049 0.000263578
0.00297542 0.000792904
0.00294986 0.000837997
0.00291284 0.000805496
0.00300723 0.000834164
0.00327288 0.000823506
0.00322153 0.000841885
0.00322763 0.00121393
0.00266918 0.000340061
0.00278441 0.001375
0.00282288 0.00141353
0.003075 0.000563756
0.00319207 0.00116466
0.00314306 0.00118574
0.00261355 0.000330421
0.00332265 0.000750787
0.0031563 0.00111752
0.00310929 0.00113934
0.00312223 0.00107262
0.00307603 0.00109332
0.00332819 0.000548131
0.00335352 0.000597881
0.00302853 0.00128923
0.00299088 0.00131426
0.00300494 0.0012466
0.00295619 0.00127106
0.00285331 0.000417529
0.00364712 0.000164918
0.00369648 0.000188256
0.00312176 0.00100462
0.00313616 0.000919722
0.00317551 0.000976749
0.00325766 0.0010021
0.00302423 0.00118576
0.00302729 0.00111728
0.0030633 0.00116237
0.00297623 0.0011501
0.00373155 4.50303e-05
0.00369588 4.5943e-05
0.00298048 0.00026946
0.00301303 0.000293237
0.00294933 0.000294706
0.00297985 0.000325262
0.0029818 0.00120455
0.00293115 0.0012165
0.00292028 0.00116441
0.00314259 0.000314468
0.00310157 0.000322878
0.00312782 0.000271217
0.00331166 0.000441432
0.00335422 0.000346863
0.00331782 0.000375244
0.00318209 0.000592298
0.00322691 9.58708e-05
0.00325725 8.90421e-05
0.00327316 0.000133506
0.00315981 0.000857007
0.00317661 0.000790996
0.00324509 0.000751678
0.00295346 0.000418368
0.00293363 0.000449769
0.0022852 0.000701272
0.00233801 0.000693964
0.00231812 0.000733455
0.00299149 0.00107183
0.00369568 8.36976e-05
0.00374224 9.59876e-05
0.00306934 0.000757424
0.00300636 0.000761295
0.00311157 0.000779523
0.00291629 0.000316515
0.00292083 0.000267157
0.0029522 0.000234404
0.00279486 0.000816841
0.00281635 0.000785148
0.00285011 0.000821051
0.00287903 0.000777371
0.00373178 0.000219458
0.00374144 0.000288112
0.00369304 0.0002714
0.00377998 0.000250831
0.00319155 0.000705582
0.0031681 0.000634547
0.00314815 0.000675418
0.00307969 0.000702311
0.00327504 0.000403667
0.00314075 0.000729036
0.00290379 0.00125958
0.00289786 0.00129626
0.00285931 0.00124929
0.00311718 0.000422688
0.00315167 0.000464676
0.00281469 3.87328e-05
0.00286494 4.37191e-05
0.00280627 7.23468e-05
0.00297383 0.000728121
0.00293708 0.000690091
0.00300776 0.000694521
0.00306284 0.000414326
0.00358421 0.000527386
0.00361867 0.000475119
0.00358884 0.000354702
0.00292313 0.000641416
0.00289839 0.000686413
0.00388469 0.000404381
0.00387218 0.000337444
0.00386907 0.000470537
0.0027284 0.000644417
0.00285002 0.000677668
0.00287614 0.00071145
0.00284541 0.000747031
0.00327417 0.000455113
0.00323672 0.000455248
0.00317568 0.000539383
0.00322176 0.000246958
0.00329222 0.000335527
0.00293714 0.000584009
0.00263874 0.00114043
0.00269115 0.00113242
0.00271864 0.00115409
0.00297506 0.000386297
0.0029388 0.000356733
0.00291471 0.000398175
0.00294233 0.00109926
0.00290484 0.00105119
0.00286928 0.00108938
0.00349433 0.000149036
0.00350614 9.89009e-05
0.00358623 0.000905929
0.00360792 0.000845312
0.00259903 0.000930969
0.00273396 0.000681759
0.00266836 0.00129432
0.00319169 0.000439918
0.00319012 0.000490749
0.00358681 0.000300642
0.00288955 0.00034456
0.00290737 0.000177006
0.00295686 0.00019139
0.0028977 0.000227109
0.00260556 0.00102381
0.00263284 0.00100202
0.0026244 0.00105571
0.00255241 0.00114511
0.00257651 0.0011878
0.00251904 0.00117353
0.00363545 0.000933944
0.00320395 0.000205284
0.0032475 0.000183441
0.00259114 0.00106902
0.00283489 0.000538981
0.00278803 0.000517802
0.00282378 0.000465374
0.00347153 0.000251038
0.00346455 0.000311632
0.00366494 0.000888524
0.00288162 0.000983646
0.00284885 0.00103372
0.00356044 0.000954588
0.00344557 0.000138551
0.00251622 0.000467157
0.00252243 0.000415567
0.00255471 0.000429624
0.00264549 0.000227941
0.0026705 0.000174585
0.00338334 7.50794e-05
0.00262977 0.000200946
0.00286163 0.000508521
0.0038034 0.000303228
0.00248921 0.000433021
0.0027393 0.000521158
0.00277924 0.000555715
0.00297224 0.000531498
0.00302083 0.00052629
0.00297716 0.000575024
0.00236325 0.000750159
0.00381548 0.000352544
0.0026178 0.00054074
0.00260908 0.000579766
0.00256536 0.000568878
0.00265518 0.000552662
0.00264859 0.000590081
0.00268053 0.000832608
0.00263316 0.000840906
0.00265844 0.00080195
0.00266722 0.000862089
0.0037792 5.19413e-05
0.00301827 0.000448872
0.00301489 0.00041119
0.00378883 0.000199711
0.00317443 0.00026082
0.00315477 0.000213964
0.00255915 0.000616444
0.00254784 0.000667967
0.00251529 0.000612683
0.00298545 0.000439314
0.00296889 0.000479742
0.0035865 0.00060148
0.00278194 0.000756252
0.00274564 0.000732028
0.00280834 0.00071123
0.00272724 0.0007665
0.00323153 0.000550959
0.00328906 0.000503894
0.00277845 0.00065011
0.00276334 0.000693536
0.00376205 0.000712125
0.0028131 0.000665485
0.00253948 0.000873862
0.00257727 0.000899179
0.00375914 0.000175475
0.00378722 0.000133944
0.00254344 0.000920862
0.00339277 4.22841e-05
0.00334353 4.15314e-05
0.00331297 0.000686879
0.00252017 0.00111037
0.00250475 0.00107269
0.00254047 0.00105363
0.00335218 7.99751e-05
0.00306863 5.01325e-05
0.00311213 3.78162e-05
0.00353486 0.000355371
0.0034885 0.000377294
0.00355446 0.000403439
0.00239837 0.000215292
0.00239388 0.000169356
0.0024345 0.000170091
0.00370546 0.000429147
0.00260568 0.000870674
0.0027281 0.0009929
0.0027162 0.00104041
0.00269369 0.00100126
0.00284669 0.000927769
0.00282369 0.000972781
0.00278778 0.000953494
0.00228317 0.000573941
0.00233288 0.000565031
0.00233545 0.000617646
0.00380253 0.000745197
0.00264441 0.000507366
0.00266403 0.0004671
0.00269596 0.000505918
0.00269443 0.000920057
0.00264441 0.000908254
0.00269327 0.00075061
0.00265234 0.000751867
0.00235212 0.000248055
0.00235267 0.000200442
0.00239575 0.000259811
0.00257496 0.00103694
0.00269138 0.000552586
0.00329689 4.38512e-05
0.00324763 4.44195e-05
0.00310814 0.000191769
0.00317427 0.000170038
0.0026014 0.000401862
0.00258231 0.000444006
0.00277187 0.000985427
0.00273792 0.000951958
0.00263509 0.000438467
0.00280967 0.000582746
0.00303477 0.00072838
0.00298007 0.000662611
0.00296697 0.00015402
0.00293213 0.000139807
0.00230893 0.000671699
0.00268925 0.000440226
0.00254975 0.000761294
0.00260378 0.000756302
0.0025599 0.000713875
0.00248567 0.00113972
0.00260473 0.00121344
0.00262956 0.001187
0.00246881 0.00109331
0.00287622 0.00134487
0.00285428 0.00130429
0.00290591 0.00133136
0.00252787 0.00101538
0.00249204 0.00103325
0.00260182 0.000621874
0.00306094 9.56175e-05
0.00302027 8.69061e-05
0.00323471 0.000499848
0.00254129 0.00122264
0.00293193 0.00130886
0.00301636 0.000129066
0.00300469 0.000168759
0.00301677 4.40359e-05
0.00297616 4.10725e-05
0.00251795 0.00097598
0.00295611 0.00133589
0.00250766 0.000936086
0.00330726 9.2498e-05
0.00298968 0.000195875
0.00300539 0.000228618
0.00305244 0.00019284
0.00337001 0.000508866
0.00288958 0.000840383
0.00251337 0.000560355
0.00260477 0.000805864
0.00278441 0.000420466
0.00301932 0.00135915
0.00270723 0.000708175
0.00295219 0.000896664
0.00270689 0.000881607
0.00265136 0.000964705
0.00246531 0.000572599
0.00231306 0.000518405
0.00227977 0.000534121
0.00296382 0.00061964
0.00255573 0.000464694
0.00358698 0.000773742
0.00364997 0.000766224
0.00256068 0.00109421
0.00290415 0.000605155
0.00286951 0.00119341
0.0028545 0.00114527
0.00289792 8.79573e-05
0.00289317 0.000132292
0.00284429 9.21139e-05
0.00222813 0.000471369
0.00221972 0.000421959
0.00269306 0.000957722
0.00285187 0.000135034
0.00274908 0.000898194
0.00275656 0.000859752
0.00381967 9.63442e-05
0.00225254 0.000402338
0.0022841 0.000377793
0.00274008 0.000566547
0.00243968 0.000133305
0.00240771 0.000126209
0.00241445 8.72671e-05
0.00257448 0.000512249
0.00264801 0.00110192
0.00268727 0.0010677
0.00251045 0.000695617
0.00345514 3.93698e-05
0.00350524 3.83127e-05
0.00339533 0.000191046
0.00344058 0.000193806
0.0030732 0.000238414
0.00311208 0.000233041
0.00236823 0.00052957
0.00247988 0.00012898
0.00303919 0.00026049
0.00305258 0.000322945
0.00308129 0.000282088
0.00226284 0.000501896
0.00242383 0.000671987
0.00260512 0.00115059
0.00238184 0.000468682
0.00240239 0.000509608
0.00241997 0.000451085
0.00244155 0.000487313
0.00275805 0.000798831
0.00277303 0.000836527
0.00300768 0.000630139
0.00302554 0.000582411
0.00371883 0.000146901
0.00230557 0.000412424
0.00233445 0.000383006
0.00231256 0.000352791
0.00245564 9.15339e-05
0.00242656 4.43342e-05
0.00260936 0.000473528
0.00281082 0.00119457
0.00281157 0.00124201
0.00276118 0.00119329
0.00246333 4.81956e-05
0.00249008 6.78098e-05
0.00274644 0.0013318
0.00270153 0.00131598
0.00274488 0.000412208
0.00270029 0.000380156
0.00274477 0.000380069
0.00237791 0.00070204
0.00240418 0.000736659
0.00271438 0.00041822
0.00351393 0.000925183
0.0027874 0.000864298
0.00281499 0.000847504
0.00284682 0.000317833
0.00326287 0.000697365
0.00338186 0.000748484
0.00278117 0.000382963
0.002789 0.000350706
0.0027478 0.000344489
0.00279609 0.000906504
0.00275691 0.000275573
0.00279511 0.000314842
0.00275257 0.000309589
0.00279908 0.000280284
0.00233801 0.000329473
0.00268381 3.36499e-05
0.00265406 3.39981e-05
0.00271235 0.000304996
0.00235791 0.000409632
0.00238084 0.000380793
0.00236022 0.0003546
0.00237911 0.000790566
0.00238684 0.0003266
0.00235936 0.000294037
0.00285147 0.000256457
0.0028869 0.000288857
0.00276135 0.000242631
0.00276377 0.000209098
0.00289391 0.00139036
0.00292676 0.00136022
0.00280361 0.000246587
0.00242726 0.00025185
0.00228256 0.000629913
0.00234159 0.000657212
0.00272168 0.000140068
0.00276438 0.000174499
0.00272092 0.000175955
0.00353771 6.47314e-05
0.0035609 3.27285e-05
0.00276462 0.000139365
0.00239406 0.000418806
0.00242615 0.00039243
0.00240719 0.000358985
0.00335597 0.000186053
0.00332121 0.000157285
0.00280718 0.000211071
0.00243537 0.000333356
0.00241541 0.000300094
0.00244308 0.000275143
0.00284953 0.000212566
0.00269015 0.000140299
0.00237701 0.00065717
0.00294247 0.000766185
0.00280833 0.000174454
0.00285369 0.000175579
0.0024388 0.000217949
0.00288959 0.000660652
0.00286274 0.000626905
0.00281827 0.000628856
0.00276669 7.03732e-05
0.00280318 0.000105248
0.0027647 0.000104738
0.00282681 0.00110971
0.00283409 0.00106874
0.00280724 0.000137901
0.0025096 9.71431e-05
0.00250832 0.000156664
0.00272461 6.92209e-05
0.00272332 0.000104839
0.00253241 0.000127936
0.0033294 0.000476981
0.00244574 0.000425376
0.00247334 0.000400464
0.00245461 0.000366761
0.0024658 0.000453041
0.00268688 6.60694e-05
0.00267749 0.000108058
0.00248297 0.000340548
0.00246322 0.000306988
0.00249099 0.000279509
0.00246901 0.000247472
0.00241945 0.000543228
0.00245456 0.000531611
0.00365952 4.03705e-05
0.00364859 8.76935e-05
0.00276934 3.5693e-05
0.00272557 3.44505e-05
0.00367969 0.000124474
0.00360756 4.97307e-05
0.00243924 0.000719691
0.00247366 0.000180797
0.00241075 0.000901017
0.00249711 0.000217563
0.00239204 0.000826731
0.00241495 0.000772689
0.00242783 0.000936922
0.00251254 4.11402e-05
0.00240496 0.000859133
0.0030149 0.000360913
0.00303997 0.00148286
0.00299861 0.00141928
0.00353837 0.000727716
0.00250264 0.000375867
0.0024813 0.000484648
0.00253245 0.000348806
0.00251165 0.000313395
0.00254044 0.000285251
0.00251919 0.000251156
0.00248868 0.000518633
0.00247574 0.000709929
0.00276424 0.00060688
0.00245152 0.000757956
0.00252651 0.000188683
0.00255458 0.000160123
0.00254781 0.000222435
0.00284817 0.0013725
0.00281899 0.00134408
0.00243691 0.000844355
0.00242653 0.000809029
0.00246271 0.00079496
0.0024596 0.000917135
0.00244782 0.000880667
0.00243521 0.000973517
0.00310817 0.000365679
0.00255893 9.85686e-05
0.00253568 6.79207e-05
0.00256029 4.08755e-05
0.00290521 0.00146455
0.00293676 0.00142583
0.0031591 3.77214e-05
0.00320243 6.60309e-05
0.00287078 0.00143238
0.00294927 0.00150916
0.00248872 0.000743877
0.00255635 0.000387466
0.00252632 0.000512299
0.00306497 0.000370943
0.0025839 0.000353395
0.0025622 0.000320452
0.0025928 0.000292813
0.0025705 0.000256977
0.00290832 0.000738091
0.00263857 0.000624882
0.00257674 0.000193935
0.00260695 0.00016559
0.00258288 0.000131225
0.00260035 0.000228205
0.00248065 0.000863358
0.00246941 0.000829785
0.00265826 0.00103224
0.00247085 0.00095498
0.00249582 0.000896824
0.00248128 0.000994041
0.0024455 0.00101287
0.00261237 0.000101311
0.00245672 0.00105271
0.00329601 0.000199133
0.00260203 0.00110652
0.00263754 0.000369551
0.00279777 0.00106062
0.00275204 0.00101738
0.00280339 0.00101571
0.00275306 0.00106627
0.00281036 0.00115089
0.00278497 0.00109757
0.00275897 0.00113921
0.00321246 0.000134049
0.00275621 0.00124712
0.00316801 0.000102216
0.00272071 0.00110061
0.0034932 0.000202255
0.00269888 0.000789329
0.00306214 0.000138235
0.00252219 0.000726544
0.00371525 0.000752788
0.00272492 0.0012833
0.00294021 6.06599e-05
0.00297045 0.00138394
0.00269344 0.000602881
0.00321135 3.22701e-05
0.00343508 0.000239049
0.00309817 0.00104008
0.00279575 0.00129587
0.00271869 0.000832564
0.00326388 0.000229841
0.00332398 0.000306403
0.00289587 0.00112485
0.00314747 0.000574538
0.00283302 0.000880908
0.00266407 0.000406897
0.00271147 0.000338685
0.00283137 0.000284201
0.00357208 0.000686861
0.00261491 0.000958418
0.00263958 0.000136577
0.00298143 0.0014558

mfem_serial_mesh_end

communication_groups
number_of_groups 6

# number of entities in each group, followed by ranks in group
1 3
2 1 3
2 2 3
2 0 3
3 0 1 3
3 0 2 3

total_shared_vertices 79
total_shared_edges 78

# group 0 has no shared entities

# group 1
shared_vertices 17
0
498
508
519
520
581
593
594
600
601
604
605
621
635
637
666
675

shared_edges 17
581 621
519 675
498 604
498 520
666 675
635 666
601 635
593 621
519 520
0 637
600 601
594 600
508 581
605 637
593 594
604 605
508 684

# group 2
shared_vertices 35
28
32
33
34
48
52
111
112
134
135
138
139
142
143
154
155
159
182
184
197
225
238
239
243
260
262
279
376
377
378
458
511
599
751
847

shared_edges 35
142 143
155 159
154 159
138 377
154 239
111 112
134 238
112 135
376 377
238 239
260 751
34 511
225 243
243 262
197 279
197 225
182 279
134 135
182 184
139 143
138 139
260 262
142 599
32 33
33 34
32 48
458 599
155 184
48 52
751 847
784 847
28 458
376 378
111 511
52 378

# group 3
shared_vertices 25
40
41
281
282
333
335
404
417
447
538
543
546
556
644
645
673
743
745
747
749
774
779
783
805
807

shared_edges 26
417 543
743 747
743 749
282 783
644 645
335 447
673 745
404 645
774 805
745 749
546 807
447 673
805 807
333 335
333 538
543 546
538 684
779 783
41 404
779 784
281 644
40 41
747 774
417 556
281 282
40 556

# group 4
shared_vertices 1
684

shared_edges 0

# group 5
shared_vertices 1
784

shared_edges 0

mfem_mesh_end
