MFEM mesh v1.2

#
# MFEM Geometry Types (see mesh/geom.hpp):
#
# POINT       = 0
# SEGMENT     = 1
# TRIANGLE    = 2
# SQUARE      = 3
# TETRAHEDRON = 4
# CUBE        = 5
# PRISM       = 6
# PYRAMID     = 7
#

dimension
2

elements
888
4 2 132 130 129
4 2 117 146 118
4 2 90 88 183
4 2 184 185 186
4 2 191 190 189
4 2 210 209 211
4 2 201 221 222
4 2 231 232 233
4 2 219 218 157
4 2 242 243 244
4 2 254 253 255
4 2 290 291 289
4 2 286 156 299
4 2 11 316 92
4 2 327 329 328
4 2 51 52 397
4 2 85 86 398
4 2 411 412 410
4 2 406 19 20
4 2 193 435 432
4 2 439 114 419
4 2 462 402 295
4 2 467 41 40
4 2 439 482 443
4 2 249 437 256
4 2 409 408 504
4 2 526 131 281
4 2 7 529 528
4 2 543 542 549
4 2 550 551 532
4 2 49 48 270
4 2 19 139 18
4 2 319 398 318
4 2 236 82 83
4 2 365 584 124
4 2 81 101 80
4 2 36 536 37
4 2 107 105 143
4 2 627 481 626
4 2 646 427 645
4 2 302 650 413
4 2 237 437 104
4 2 673 675 674
4 2 679 678 259
4 2 403 607 404
4 2 115 269 95
4 2 689 687 688
4 2 364 686 363
4 2 515 691 433
4 2 692 195 197
4 2 100 540 91
4 2 8 9 540
4 2 38 697 39
4 2 172 444 173
4 2 360 225 224
4 2 187 13 14
4 2 590 180 108
4 2 78 354 77
4 2 484 372 708
4 2 712 288 331
4 2 721 309 308
4 2 723 724 722
4 2 237 81 82
4 2 677 209 208
4 2 315 151 153
4 2 619 731 617
4 2 726 634 732
4 2 148 150 273
4 2 90 740 89
4 2 319 115 114
4 2 491 493 605
4 2 750 119 681
4 2 551 431 696
4 2 191 293 158
4 2 708 276 275
4 2 627 230 363
4 2 545 766 546
4 2 678 365 367
4 2 719 33 717
4 2 239 347 241
4 2 730 740 200
4 2 519 554 773
4 2 557 719 773
4 2 309 777 371
4 2 284 286 674
4 2 246 242 259
4 2 647 746 742
4 2 385 660 386
4 2 96 424 761
4 2 178 177 783
4 2 588 582 779
4 2 497 716 498
4 2 556 162 164
4 2 615 673 175
4 2 597 604 772
4 2 264 303 789
4 2 750 216 749
4 2 450 374 176
4 2 353 355 797
4 2 669 335 715
4 2 396 394 425
4 2 694 430 331
4 2 675 804 203
4 2 26 25 414
4 2 606 607 681
4 2 486 706 484
4 2 728 714 688
4 2 493 490 159
4 2 630 636 652
4 2 768 88 87
4 2 802 357 585
4 2 350 347 442
4 2 810 806 704
4 2 813 274 320
4 2 725 367 814
4 2 756 816 788
4 2 817 145 428
4 2 3 4 699
4 2 818 741 466
4 2 574 445 447
4 2 182 162 672
4 2 496 311 310
4 2 826 535 533
4 2 668 721 577
4 2 192 422 193
4 2 686 475 473
4 2 111 762 765
4 2 213 588 214
4 2 455 735 326
4 2 809 535 693
4 2 213 223 589
4 2 236 482 172
4 2 368 595 594
4 2 263 265 786
4 2 553 323 322
4 2 199 660 614
4 2 677 676 799
4 2 368 685 364
4 2 727 161 834
4 2 735 445 821
4 2 387 457 388
4 2 609 283 610
4 2 543 836 133
4 2 837 64 786
4 2 383 478 480
4 2 836 297 134
4 2 29 839 30
4 2 559 840 747
4 2 816 4 5
4 2 420 327 702
4 2 782 647 643
4 2 351 223 800
4 2 185 587 183
4 2 472 387 389
4 2 390 470 389
4 2 343 342 434
4 2 835 756 503
4 2 746 848 743
4 2 659 745 298
4 2 212 616 800
4 2 564 833 565
4 2 509 507 518
4 2 485 643 569
4 2 525 518 520
4 2 520 521 523
4 2 474 475 505
4 2 429 464 271
4 2 714 542 544
4 2 217 403 852
4 2 452 451 460
4 2 720 619 618
4 2 574 510 511
4 2 791 780 334
4 2 846 642 838
4 2 584 679 790
4 2 458 622 621
4 2 639 766 635
4 2 768 810 769
4 2 824 384 386
4 2 767 25 24
4 2 638 827 851
4 2 818 465 495
4 2 855 492 831
4 2 359 358 784
4 2 748 689 135
4 2 793 212 856
4 2 604 572 570
4 2 366 595 814
4 2 819 832 620
4 2 117 375 376
4 2 841 513 399
4 2 391 384 575
4 2 582 737 583
4 2 625 741 738
4 2 641 640 649
4 2 110 807 857
4 2 512 137 847
4 2 264 263 844
4 2 801 739 747
4 2 122 849 124
4 2 820 622 853
4 3 141 165 16 17
4 3 353 797 188 612
4 3 590 537 179 180
4 3 69 310 312 68
4 3 771 791 597 772
4 3 242 247 300 243
4 3 720 413 415 619
4 3 385 386 384 391
4 3 364 363 230 154
4 3 509 483 541 508
4 3 274 275 276 796
4 3 77 354 353 76
4 3 288 712 713 287
4 3 261 392 178 303
4 3 554 553 557 773
4 3 572 598 762 764
4 3 614 660 385 694
4 3 211 209 666 578
4 3 446 445 735 455
4 3 203 204 205 675
4 3 639 448 682 684
4 3 436 262 264 844
4 3 22 545 546 23
4 3 618 619 617 803
4 3 508 506 507 509
4 3 764 762 111 857
4 3 157 218 190 191
4 3 645 644 718 120
4 3 60 61 361 706
4 3 798 676 654 373
4 3 288 287 203 804
4 3 18 139 141 17
4 3 719 717 519 773
4 3 361 362 360 372
4 3 314 294 401 680
4 3 508 541 476 423
4 3 731 619 415 767
4 3 161 151 313 834
4 3 506 508 423 421
4 3 661 659 298 297
4 3 560 97 207 556
4 3 247 248 808 301
4 3 362 361 61 62
4 3 574 524 523 510
4 3 221 628 824 222
4 3 297 298 296 134
4 3 638 851 512 847
4 3 520 518 507 521
4 3 372 484 706 361
4 3 292 233 232 293
4 3 729 146 117 376
4 3 345 425 394 418
4 3 634 632 631 732
4 3 373 176 374 798
4 3 82 236 174 237
4 3 504 536 631 409
4 3 330 615 614 694
4 3 819 820 565 833
4 3 447 573 524 574
4 3 506 464 521 507
4 3 220 218 219 337
4 3 214 304 307 856
4 3 424 145 144 761
4 3 217 852 411 502
4 3 111 765 317 109
4 3 600 599 280 601
4 3 137 785 842 847
4 3 618 243 300 720
4 3 163 187 14 15
4 3 70 496 310 69
4 3 320 210 211 848
4 3 417 624 623 341
4 3 766 545 417 635
4 3 189 190 188 797
4 3 693 535 826 859
4 3 491 492 490 493
4 3 617 731 766 639
4 3 482 236 83 84
4 3 594 595 366 849
4 3 825 687 400 402
4 3 588 213 589 582
4 3 189 292 293 191
4 3 594 459 685 368
4 3 756 788 528 596
4 3 683 684 682 469
4 3 212 793 795 616
4 3 729 736 255 253
4 3 515 514 513 691
4 3 115 95 94 754
4 3 104 101 81 237
4 3 464 506 421 271
4 3 667 499 369 777
4 3 175 673 299 171
4 3 208 654 676 677
4 3 477 422 423 476
4 3 517 31 30 839
4 3 715 335 336 344
4 3 55 112 179 54
4 3 686 473 479 481
4 3 589 223 625 738
4 3 546 767 24 23
4 3 263 65 66 844
4 3 323 553 554 278
4 3 255 167 608 254
4 3 217 216 750 403
4 3 719 602 34 33
4 3 664 663 57 58
4 3 118 146 744 743
4 3 805 703 195 692
4 3 582 583 359 779
4 3 467 547 526 41
4 3 102 101 104 159
4 3 355 353 354 356
4 3 749 646 645 120
4 3 119 120 121 815
4 3 573 447 458 621
4 3 378 379 377 329
4 3 111 109 110 857
4 3 758 690 704 806
4 3 662 462 88 768
4 3 557 726 602 719
4 3 322 724 843 553
4 3 175 171 170 199
4 3 617 639 684 803
4 3 794 795 793 343
4 3 405 412 411 852
4 3 775 714 728 859
4 3 777 309 721 668
4 3 831 758 806 231
4 3 115 319 318 269
4 3 443 85 398 319
4 3 634 724 723 632
4 3 399 513 514 370
4 3 146 829 771 744
4 3 232 591 592 340
4 3 123 122 124 584
4 3 131 526 547 339
4 3 604 647 742 772
4 3 376 375 128 126
4 3 354 78 707 356
4 3 422 192 421 423
4 3 185 183 88 462
4 3 597 598 572 604
4 3 653 630 652 845
4 3 603 602 726 732
4 3 279 278 554 519
4 3 600 601 258 658
4 3 198 605 249 251
4 3 792 699 4 816
4 3 314 296 298 745
4 3 807 571 764 857
4 3 358 842 785 784
4 3 697 467 40 39
4 3 403 404 405 852
4 3 26 414 650 27
4 3 579 118 743 848
4 3 839 846 830 517
4 3 441 392 449 442
4 3 315 184 186 294
4 3 144 145 143 105
4 3 714 544 689 688
4 3 525 524 573 522
4 3 447 445 446 458
4 3 229 587 185 184
4 3 559 395 396 840
4 3 774 99 817 382
4 3 420 378 329 327
4 3 315 294 313 151
4 3 206 287 357 802
4 3 611 613 670 74
4 3 122 452 460 849
4 3 534 533 535 251
4 3 324 322 323 325
4 3 87 89 734 733
4 3 812 240 616 795
4 3 315 153 228 184
4 3 395 393 394 396
4 3 690 195 703 704
4 3 426 531 489 644
4 3 640 846 839 29
4 3 794 691 513 841
4 3 531 530 586 489
4 3 238 239 240 811
4 3 693 692 197 809
4 3 400 687 689 748
4 3 340 592 169 701
4 3 223 213 212 800
4 3 153 151 152 154
4 3 310 311 290 312
4 3 602 603 35 34
4 3 303 178 783 789
4 3 299 673 674 286
4 3 94 202 538 754
4 3 247 242 246 248
4 3 106 105 107 316
4 3 653 824 628 630
4 3 837 227 225 850
4 3 320 848 746 813
4 3 440 52 53 537
4 3 269 270 48 47
4 3 357 358 359 585
4 3 453 853 446 455
4 3 410 787 792 835
4 3 456 454 377 457
4 3 454 328 329 377
4 3 826 580 775 859
4 3 727 745 659 656
4 3 127 125 126 128
4 3 741 818 558 739
4 3 816 756 835 792
4 3 444 550 250 173
4 3 657 658 656 659
4 3 6 7 528 788
4 3 428 145 424 531
4 3 174 256 437 237
4 3 397 142 406 51
4 3 790 468 123 584
4 3 511 510 138 512
4 3 342 193 432 434
4 3 131 129 130 281
4 3 379 388 457 377
4 3 486 484 485 763
4 3 280 278 279 830
4 3 695 367 725 854
4 3 587 760 90 183
4 3 226 224 225 227
4 3 783 177 226 227
4 3 13 187 106 12
4 3 37 536 504 38
4 3 812 500 811 240
4 3 273 150 272 277
4 3 301 302 300 247
4 3 163 162 182 187
4 3 196 491 605 198
4 3 94 95 46 45
4 3 444 172 482 439
4 3 581 273 277 633
4 3 496 497 498 346
4 3 652 478 383 845
4 3 648 204 206 802
4 3 474 505 487 488
4 3 821 445 574 511
4 3 807 110 665 663
4 3 355 292 189 797
4 3 276 708 372 360
4 3 267 192 194 352
4 3 629 229 759 636
4 3 520 523 524 525
4 3 589 738 737 582
4 3 344 346 498 715
4 3 347 350 351 241
4 3 503 756 596 501
4 3 140 141 139 142
4 3 440 537 590 560
4 3 504 408 697 38
4 3 562 326 735 827
4 3 530 531 424 96
4 3 268 266 267 352
4 3 551 550 419 431
4 3 759 627 626 636
4 3 265 263 264 789
4 3 516 32 31 517
4 3 312 436 67 68
4 3 437 249 605 493
4 3 747 739 558 559
4 3 141 140 164 165
4 3 219 157 156 286
4 3 790 679 244 683
4 3 614 615 175 199
4 3 642 301 808 838
4 3 488 471 470 474
4 3 245 243 618 803
4 3 313 294 314 745
4 3 801 583 737 739
4 3 505 459 461 487
4 3 390 479 473 470
4 3 561 778 430 391
4 3 481 479 478 626
4 3 752 128 375 576
4 3 196 197 195 690
4 3 373 654 655 181
4 3 426 644 645 427
4 3 466 741 625 350
4 3 415 414 25 767
4 3 212 213 214 856
4 3 164 162 163 165
4 3 346 418 311 496
4 3 686 364 685 475
4 3 780 718 332 334
4 3 369 370 371 777
4 3 113 754 753 431
4 3 119 750 749 120
4 3 348 347 239 349
4 3 240 239 241 616
4 3 337 283 609 336
4 3 466 350 442 449
4 3 444 439 419 550
4 3 831 231 233 855
4 3 126 125 168 736
4 3 100 93 99 774
4 3 334 332 333 598
4 3 649 650 302 641
4 3 342 343 307 194
4 3 826 149 148 580
4 3 690 758 491 196
4 3 603 536 36 35
4 3 262 261 303 264
4 3 389 470 471 472
4 3 291 290 311 393
4 3 640 29 28 649
4 3 649 28 27 650
4 3 527 567 387 472
4 3 725 160 161 727
4 3 224 226 655 796
4 3 382 380 381 774
4 3 331 430 778 712
4 3 132 129 338 696
4 3 651 305 588 779
4 3 662 768 769 770
4 3 810 768 87 733
4 3 561 638 637 778
4 3 192 267 271 421
4 3 130 202 44 43
4 3 466 449 465 818
4 3 434 432 433 691
4 3 681 119 823 606
4 3 208 209 210 321
4 3 653 845 420 702
4 3 389 387 388 390
4 3 246 257 258 248
4 3 380 216 215 381
4 3 357 287 713 358
4 3 539 100 774 381
4 3 438 433 432 435
4 3 459 460 451 461
4 3 250 251 249 256
4 3 307 343 793 856
4 3 673 615 804 675
4 3 822 396 425 610
4 3 230 228 153 154
4 3 272 548 408 277
4 3 626 478 652 636
4 3 580 148 273 581
4 3 152 160 595 368
4 3 326 327 328 455
4 3 746 647 782 813
4 3 148 149 147 150
4 3 155 167 168 125
4 3 441 348 374 450
4 3 89 740 730 734
4 3 710 711 709 855
4 3 696 431 753 132
4 3 578 577 116 579
4 3 340 158 293 232
4 3 271 267 266 429
4 3 290 289 436 312
4 3 334 598 597 791
4 3 79 103 707 78
4 3 328 454 453 455
4 3 564 565 563 566
4 3 205 284 674 675
4 3 841 812 795 794
4 3 456 567 563 568
4 3 365 678 679 584
4 3 417 341 416 635
4 3 474 470 473 475
4 3 600 658 657 325
4 3 395 559 495 700
4 3 234 136 235 306
4 3 268 305 306 266
4 3 367 365 366 814
4 3 407 318 398 86
4 3 102 159 490 593
4 3 824 653 702 384
4 3 379 378 383 480
4 3 138 136 137 512
4 3 842 358 713 637
4 3 695 257 678 367
4 3 567 456 457 387
4 3 622 820 819 620
4 3 769 810 704 703
4 3 397 52 440 555
4 3 740 90 760 221
4 3 260 289 291 700
4 3 578 666 668 577
4 3 701 156 158 340
4 3 435 193 422 477
4 3 89 87 88 90
4 3 581 633 552 549
4 3 706 486 59 60
4 3 348 441 442 347
4 3 144 105 182 672
4 3 225 360 362 850
4 3 230 627 759 228
4 3 728 692 693 859
4 3 261 262 260 282
4 3 542 714 775 776
4 3 454 456 568 453
4 3 781 252 780 791
4 3 648 801 747 840
4 3 566 563 567 527
4 3 628 221 760 629
4 3 253 252 781 829
4 3 279 516 517 830
4 3 80 101 103 79
4 3 684 683 245 803
4 3 285 283 205 204
4 3 858 828 620 832
4 3 460 459 594 849
4 3 165 163 15 16
4 3 207 97 96 761
4 3 494 708 275 782
4 3 333 332 489 586
4 3 669 716 72 73
4 3 799 238 811 499
4 3 63 64 837 850
4 3 676 798 238 799
4 3 302 413 720 300
4 3 526 281 42 41
4 3 321 655 654 208
4 3 634 726 843 724
4 3 3 699 698 2
4 3 197 196 198 809
4 3 299 156 701 171
4 3 621 622 620 828
4 3 543 723 722 836
4 3 215 502 501 381
4 3 49 270 407 50
4 3 194 192 193 342
4 3 207 672 162 556
4 3 480 478 479 390
4 3 317 586 530 98
4 3 276 360 224 796
4 3 687 825 805 755
4 3 590 108 97 560
4 3 402 400 401 295
4 3 853 453 568 820
4 3 464 429 463 521
4 3 609 610 425 345
4 3 532 533 534 550
4 3 570 643 647 604
4 3 495 465 260 700
4 3 716 497 71 72
4 3 84 85 443 482
4 3 651 784 785 234
4 3 220 335 671 757
4 3 91 540 9 10
4 3 181 177 176 373
4 3 158 156 157 191
4 3 8 540 529 7
4 3 116 576 375 117
4 3 561 562 827 638
4 3 388 379 480 390
4 3 331 288 330 694
4 3 316 107 93 92
4 3 591 806 810 733
4 3 233 292 710 855
4 3 176 177 178 450
4 3 109 317 108 180
4 3 180 179 112 109
4 3 210 320 274 321
4 3 59 486 664 58
4 3 201 222 660 199
4 3 385 391 430 694
4 3 625 223 351 350
4 3 235 136 463 429
4 3 284 205 283 337
4 3 667 677 799 499
4 3 333 765 762 598
4 3 571 570 572 764
4 3 399 370 369 500
4 3 462 295 186 185
4 3 324 297 836 722
4 3 257 246 259 678
4 3 853 622 458 446
4 3 794 343 434 691
4 3 668 666 667 777
4 3 99 93 107 143
4 3 116 117 118 579
4 3 168 167 255 736
4 3 631 632 633 409
4 3 681 607 403 750
4 3 621 828 522 573
4 3 643 485 494 782
4 3 544 542 543 133
4 3 346 344 345 418
4 3 702 327 575 384
4 3 324 325 661 297
4 3 568 563 565 820
4 3 575 562 561 391
4 3 304 305 268 352
4 3 705 807 663 763
4 3 12 106 316 11
4 3 841 399 500 812
4 3 235 429 266 306
4 3 137 136 234 785
4 3 406 142 139 19
4 3 140 555 556 164
4 3 823 254 608 606
4 3 716 669 715 498
4 3 339 547 272 150
4 3 211 578 579 848
4 3 252 253 254 815
4 3 743 744 742 746
4 3 427 382 817 428
4 3 721 308 752 576
4 3 366 365 124 849
4 3 380 646 749 216
4 3 734 730 169 592
4 3 593 490 709 711
4 3 152 368 364 154
4 3 837 786 265 227
4 3 439 443 319 114
4 3 538 202 130 132
4 3 485 569 705 763
4 3 406 20 0 51
4 3 609 345 344 336
4 3 731 767 546 766
4 3 532 551 147 149
4 3 662 825 402 462
4 3 753 754 538 132
4 3 669 670 671 335
4 3 304 214 588 305
4 3 494 485 484 708
4 3 611 612 188 613
4 3 492 491 758 831
4 3 835 503 411 410
4 3 501 596 539 381
4 3 463 510 523 521
4 3 771 829 781 791
4 3 575 327 326 562
4 3 355 356 710 292
4 3 596 528 529 539
4 3 640 641 642 846
4 3 419 114 113 431
4 3 244 679 259 242
4 3 296 748 135 134
4 3 336 335 220 337
4 3 161 160 152 151
4 3 651 234 306 305
4 3 516 279 519 717
4 3 248 258 601 808
4 3 677 667 666 209
4 3 215 216 217 502
4 3 285 204 648 822
4 3 219 286 284 337
4 3 827 735 821 851
4 3 57 663 665 56
4 3 201 200 740 221
4 3 739 737 738 741
4 3 103 101 102 593
4 3 147 551 696 338
4 3 705 569 571 807
4 3 294 186 295 401
4 3 54 179 537 53
4 3 378 420 845 383
4 3 110 109 112 751
4 3 65 263 786 64
4 3 229 184 228 759
4 3 170 169 730 200
4 3 392 261 282 449
4 3 206 204 203 287
4 3 543 549 552 723
4 3 338 339 150 147
4 3 91 92 93 100
4 3 757 613 188 190
4 3 143 145 817 99
4 3 611 74 75 612
4 3 5 6 788 816
4 3 463 136 138 510
4 3 113 114 115 754
4 3 544 133 135 689
4 3 709 490 492 855
4 3 680 401 400 748
4 3 744 771 772 742
4 3 700 291 393 395
4 3 657 659 661 325
4 3 539 529 540 100
4 3 796 655 321 274
4 3 670 669 73 74
4 3 172 173 174 236
4 3 722 724 322 324
4 3 830 846 838 280
4 3 121 780 252 815
4 3 601 280 838 808
4 3 481 627 363 686
4 3 555 440 560 556
4 3 426 427 428 531
4 3 1 50 407 86
4 3 587 229 629 760
4 3 685 459 505 475
4 3 500 369 499 811
4 3 200 201 199 170
4 3 495 559 558 818
4 3 392 441 450 178
4 3 251 535 809 198
4 3 755 728 688 687
4 3 339 338 129 131
4 3 843 726 557 553
4 3 718 780 121 120
4 3 134 135 133 836
4 3 548 272 547 467
4 3 382 427 646 380
4 3 227 265 789 783
4 3 585 359 583 801
4 3 787 698 699 792
4 3 386 660 222 824
4 3 776 581 549 542
4 3 610 283 285 822
4 3 374 348 349 798
4 3 814 595 160 725
4 3 414 415 413 650
4 3 635 416 448 639
4 3 393 311 418 394
4 3 630 628 629 636
4 3 850 362 62 63
4 3 757 190 218 220
4 3 707 103 593 711
4 3 278 280 599 323
4 3 95 269 47 46
4 3 672 207 761 144
4 3 671 670 613 757
4 3 244 243 245 683
4 3 790 683 469 468
4 3 533 532 149 826
4 3 241 351 800 616
4 3 21 623 624 22
4 3 277 408 409 633
4 3 586 317 765 333
4 3 92 91 10 11
4 3 784 651 779 359
4 3 503 501 502 411
4 3 680 748 296 314
4 3 854 656 658 258
4 3 202 94 45 44
4 3 804 615 330 288
4 3 376 126 736 729
4 3 169 170 171 701
4 3 733 734 592 591
4 3 332 718 644 489
4 3 665 110 751 56
4 3 98 97 108 317
4 3 576 116 577 721
4 3 822 648 840 396
4 3 275 274 813 782
4 3 67 436 844 66
4 3 159 104 437 493
4 3 851 821 511 512
4 3 256 174 173 250
4 3 32 516 717 33
4 3 703 805 770 769
4 3 545 22 624 417
4 3 250 550 534 251
4 3 591 232 231 806
4 3 536 603 732 631
4 3 555 140 142 397
4 3 96 97 98 530
4 3 664 486 763 663
4 3 76 353 612 75
4 3 823 119 815 254
4 3 829 146 729 253
4 3 167 155 166 608
4 3 570 571 569 643
4 3 801 648 802 585
4 3 262 436 289 260
4 3 599 600 325 323
4 3 301 642 641 302
4 3 637 638 847 842
4 3 548 467 697 408
4 3 465 449 282 260
4 3 711 710 356 707
4 3 825 662 770 805
4 3 352 194 307 304
4 3 181 655 226 177
4 3 257 695 854 258
4 3 43 42 281 130
4 3 632 723 552 633
4 3 70 71 497 496
4 3 692 728 755 805
4 3 349 239 238 798
4 3 751 112 55 56
4 3 712 778 637 713
4 3 776 775 580 581
4 3 318 407 270 269
4 3 834 313 745 727
4 3 854 725 727 656
4 3 187 182 105 106

boundary
86
1 1 2 3
1 1 3 4
1 1 4 5
1 1 5 6
1 1 6 7
1 1 7 8
1 1 8 9
1 1 9 10
1 1 10 11
1 1 11 12
1 1 12 13
1 1 13 14
1 1 14 15
1 1 15 16
1 1 16 17
1 1 17 18
1 1 18 19
1 1 19 20
1 1 20 0
2 1 22 21
2 1 23 22
2 1 24 23
2 1 25 24
2 1 26 25
2 1 27 26
2 1 28 27
2 1 29 28
2 1 30 29
2 1 31 30
2 1 32 31
2 1 33 32
2 1 34 33
2 1 35 34
2 1 36 35
2 1 37 36
2 1 38 37
2 1 39 38
2 1 40 39
2 1 41 40
2 1 42 41
2 1 43 42
2 1 44 43
2 1 45 44
2 1 46 45
2 1 47 46
2 1 48 47
2 1 49 48
2 1 50 49
2 1 1 50
3 1 0 51
3 1 51 52
3 1 52 53
3 1 53 54
3 1 54 55
3 1 55 56
3 1 56 57
3 1 57 58
3 1 58 59
3 1 59 60
3 1 60 61
3 1 61 62
3 1 62 63
3 1 63 64
3 1 64 65
3 1 65 66
3 1 66 67
3 1 67 68
3 1 68 69
3 1 69 70
3 1 70 71
3 1 71 72
3 1 72 73
3 1 73 74
3 1 74 75
3 1 75 76
3 1 76 77
3 1 77 78
3 1 78 79
3 1 79 80
3 1 80 81
3 1 81 82
3 1 82 83
3 1 83 84
3 1 84 85
3 1 85 86
3 1 86 1

vertices
860
2
0.00465 0
0.00328805 0.00328805
0.00375758 0
0.00380455 0
0.00385152 0
0.00389848 0
0.00394545 0
0.00399242 0
0.00403939 0
0.00408636 0
0.00413333 0
0.0041803 0
0.00422727 0
0.00427424 0
0.00432121 0
0.00436818 0
0.00441515 0
0.00446212 0
0.00450909 0
0.00455606 0
0.00460303 0
0.00229167 0.00229167
0.00232488 0.00232488
0.00235809 0.00235809
0.00239131 0.00239131
0.00242452 0.00242452
0.00245773 0.00245773
0.00249094 0.00249094
0.00252416 0.00252416
0.00255737 0.00255737
0.00259058 0.00259058
0.00262379 0.00262379
0.00265701 0.00265701
0.00269022 0.00269022
0.00272343 0.00272343
0.00275665 0.00275665
0.00278986 0.00278986
0.00282307 0.00282307
0.00285628 0.00285628
0.0028895 0.0028895
0.00292271 0.00292271
0.00295592 0.00295592
0.00298913 0.00298913
0.00302235 0.00302235
0.00305556 0.00305556
0.00308877 0.00308877
0.00312198 0.00312198
0.0031552 0.0031552
0.00318841 0.00318841
0.00322162 0.00322162
0.00325483 0.00325483
0.00464895 9.8698e-05
0.00464581 0.000197352
0.00464057 0.000295916
0.00463325 0.000394348
0.00462383 0.000492601
0.00461234 0.000590633
0.00459876 0.000688398
0.00458311 0.000785854
0.0045654 0.000882955
0.00454563 0.000979659
0.00452381 0.00107592
0.00449996 0.0011717
0.00447407 0.00126695
0.00444618 0.00136163
0.00441627 0.00145569
0.00438438 0.0015491
0.00435051 0.00164181
0.00431468 0.00173378
0.00427691 0.00182497
0.00423721 0.00191534
0.0041956 0.00200485
0.00415211 0.00209345
0.00410674 0.00218111
0.00405952 0.00226778
0.00401047 0.00235344
0.00395961 0.00243803
0.00390697 0.00252152
0.00385257 0.00260388
0.00379643 0.00268507
0.00373859 0.00276504
0.00367906 0.00284377
0.00361787 0.00292122
0.00355505 0.00299736
0.00349063 0.00307214
0.00342463 0.00314554
0.0033571 0.00321752
0.00332847 0.00225223
0.0032557 0.00224884
0.00333832 0.00219401
0.00326994 0.00216807
0.00411985 3.89618e-05
0.00415678 4.9564e-05
0.00415178 9.43335e-05
0.00313185 0.00305974
0.00316329 0.00309396
0.00432267 0.000268872
0.00439131 0.000278215
0.00435257 0.000329
0.00415497 0.000146316
0.00409238 8.80432e-05
0.0036699 0.0027255
0.00364012 0.00266974
0.00372391 0.00264915
0.00359302 0.00273799
0.00425377 0.000113202
0.00424429 5.20554e-05
0.00419772 9.54377e-05
0.00443353 0.000339635
0.00445171 0.000457698
0.00448039 0.000562058
0.00437715 0.00050309
0.00454754 0.000471859
0.00321806 0.00299633
0.00326813 0.00301533
0.00322129 0.00306945
0.00391629 0.000784762
0.00393623 0.000718353
0.00400009 0.000746167
0.00397833 0.000387386
0.00405768 0.000369837
0.00405011 0.000429544
0.00267774 0.00211395
0.00264148 0.00214906
0.00270382 0.00215886
0.00380382 0.000603524
0.00385572 0.000636897
0.00378643 0.000652063
0.00381792 0.000687309
0.00308401 0.00294361
0.00306681 0.0029894
0.00304694 0.00293315
0.00312777 0.00297068
0.00300928 0.00254627
0.00297344 0.00248373
0.00301831 0.00249896
0.00339419 0.00148573
0.00340682 0.00154901
0.00334416 0.00151447
0.00451808 3.5043e-05
0.00449089 9.39956e-05
0.00447398 4.43551e-05
0.00454496 7.58155e-05
0.00420604 0.000142824
0.00428577 0.000172558
0.00422733 0.000199228
0.00400049 0.000665958
0.00313154 0.00285259
0.00309862 0.00277459
0.00315582 0.0027953
0.00306571 0.00283282
0.00295103 0.00222894
0.0029087 0.00217215
0.00298883 0.00217688
0.00295129 0.00213502
0.00378671 0.000533985
0.00363346 0.00211049
0.00371585 0.00213131
0.00362986 0.00219702
0.00359389 0.00267353
0.00286755 0.00221473
0.00290103 0.00225604
0.00437485 0.000111929
0.00436838 5.16896e-05
0.00443716 9.9544e-05
0.0044236 4.97014e-05
0.00380531 0.000464751
0.00385626 0.000528231
0.00384981 0.000571964
0.0034686 0.00213614
0.00345099 0.00206837
0.0035243 0.00205327
0.00342894 0.00293001
0.0034161 0.00287692
0.00348454 0.0028575
0.00350413 0.00198882
0.00404509 0.00122852
0.00412202 0.00123103
0.0040988 0.00132247
0.00455663 0.000387559
0.00448692 0.000377586
0.00409295 0.00116873
0.00431226 0.000102841
0.00321252 0.00219914
0.00307918 0.002193
0.00315433 0.00222516
0.00309499 0.00227069
0.00430464 4.58283e-05
0.00387398 0.00227783
0.00376058 0.00228969
0.00381204 0.00220899
0.00371158 0.00221498
0.00342446 0.00126512
0.00344456 0.00119595
0.0034983 0.00127074
0.00332329 0.00252058
0.0033837 0.00258014
0.00332031 0.00258477
0.00336776 0.00265608
0.00342483 0.00199647
0.00338719 0.00208202
0.00335923 0.00203336
0.00309862 0.00302739
0.00361904 0.00182431
0.00369891 0.00180181
0.00370913 0.00189135
0.00365183 0.0017482
0.00436923 0.000203164
0.00401885 0.00103048
0.0039827 0.000961513
0.00405414 0.000941179
0.00400718 0.000895317
0.00367755 0.00129891
0.00366756 0.00137757
0.00360292 0.00135265
0.00398886 0.000198708
0.00399303 0.000246806
0.00393832 0.000232955
0.00378731 0.00212372
0.00374247 0.00206433
0.00385366 0.00208964
0.00328165 0.00205561
0.00331398 0.00198855
0.00374243 0.00137947
0.00425261 0.00112074
0.00431785 0.00117728
0.00419591 0.00117814
0.00427097 0.00126073
0.00302974 0.00213918
0.00312392 0.00212489
0.00298975 0.00210314
0.00352924 0.00239281
0.00356212 0.0023042
0.00360398 0.00238755
0.00346564 0.00148959
0.00341576 0.00143583
0.0035023 0.00293773
0.00356882 0.00282177
0.00387377 0.00114269
0.0038515 0.00121605
0.00377795 0.00117816
0.00380577 0.00127718
0.00262876 0.00232968
0.00257149 0.00232323
0.00260566 0.00228253
0.00254995 0.00228939
0.00267564 0.00233871
0.00261936 0.00238249
0.00267165 0.00238565
0.00343053 0.00273115
0.00338138 0.00282162
0.0033459 0.00274392
0.00403465 0.000506087
0.0039777 0.000550829
0.00394084 0.000477106
0.00390841 0.000540351
0.00344916 0.00279635
0.00272043 0.00232163
0.00273679 0.00238028
0.0026652 0.00229913
0.00405857 0.00154271
0.00409283 0.00143467
0.00415284 0.00150341
0.00432502 0.00142785
0.00422374 0.00144678
0.00428447 0.00135268
0.00344764 0.00137877
0.00343635 0.00132777
0.00348667 0.00137051
0.00321288 0.00313541
0.0032259 0.00318599
0.00338231 0.00133534
0.00300384 0.0028437
0.00304071 0.00277274
0.0041638 0.000955102
0.00424268 0.000928418
0.00427281 0.0010022
0.00298945 0.00279117
0.00273624 0.00256265
0.00270084 0.00258634
0.00270608 0.00251095
0.0030252 0.00296542
0.00404409 0.00146737
0.00379673 0.00188507
0.00371254 0.00196261
0.00377004 0.00182083
0.00367405 0.00202646
0.00358065 0.00175351
0.00350946 0.00181384
0.00412268 0.00161962
0.00413111 0.00169344
0.00405898 0.00166254
0.00369543 0.00236304
0.00364753 0.00227629
0.00302688 0.00230349
0.00311926 0.00232233
0.00298241 0.0024313
0.00291111 0.00248403
0.00292865 0.00242528
0.0035929 0.00203428
0.00257027 0.00237632
0.00261461 0.00243106
0.00256225 0.00242851
0.00414974 0.00139283
0.00354741 0.0013425
0.0035249 0.00141201
0.00345948 0.00143102
0.00355947 0.00128148
0.00377141 0.000786792
0.00375542 0.000852638
0.00419551 0.00179159
0.00409224 0.00177492
0.00421634 0.00170784
0.00295491 0.00229451
0.00299694 0.00237392
0.00301615 0.00222858
0.00419923 5.43594e-05
0.00436772 0.000390543
0.00327877 0.00314642
0.003304 0.00308783
0.00409918 0.000898747
0.00408694 0.00100586
0.00283624 0.00257187
0.00278511 0.00254006
0.00286879 0.00253239
0.00282482 0.00248211
0.00321139 0.00172533
0.0031766 0.0017978
0.00311867 0.00175316
0.00309879 0.0018043
0.00348092 0.00186312
0.00344792 0.00180941
0.0041897 0.000429935
0.00425998 0.000448464
0.00416551 0.00049157
0.00393983 0.00206239
0.00390055 0.00196732
0.00380097 0.0019959
0.00310704 0.00290378
0.00305638 0.00289195
0.00355484 0.00220763
0.00235865 0.0022263
0.0035061 0.00121544
0.00357705 0.00121287
0.00397578 0.00193423
0.00394344 0.00186608
0.00404831 0.00190217
0.00387714 0.00129594
0.00393881 0.00126426
0.00391345 0.00122049
0.00384761 0.00137766
0.00378825 0.00133321
0.00349175 0.00132976
0.00387458 0.00240206
0.00384601 0.00249387
0.00378274 0.00240104
0.00377094 0.00248176
0.00360338 0.0016823
0.00353774 0.00163746
0.00360799 0.00157885
0.00433341 0.00107601
0.00444924 0.0010347
0.00442161 0.00112603
0.00296459 0.00206531
0.00291745 0.00208047
0.00272478 0.00220596
0.00276917 0.00217447
0.00276259 0.00225569
0.00286495 0.00211779
0.00376731 0.0010131
0.00369054 0.000986141
0.00371792 0.000916479
0.00438017 0.000995468
0.00403591 0.00116777
0.00398719 0.00123692
0.00387254 0.000712947
0.00390173 0.00066483
0.00304725 0.00179744
0.00308655 0.00185037
0.00303335 0.00184501
0.00405481 0.000226698
0.00402688 0.000162849
0.00411175 0.000210446
0.00307301 0.0018954
0.00326255 0.00186929
0.00335908 0.00187976
0.00331172 0.00190922
0.00294478 0.00180897
0.00298655 0.00183847
0.00291865 0.00185641
0.00296615 0.0018894
0.00333264 0.00181768
0.00403591 0.00137586
0.00401404 0.00172014
0.00396636 0.00177305
0.00394753 0.00167537
0.00388827 0.0017395
0.00457656 0.000128848
0.00333821 0.00314578
0.00368679 0.00105886
0.00310618 0.00241111
0.00307343 0.0023594
0.00315215 0.00237288
0.00390578 0.000280111
0.00384758 0.000287116
0.00384045 0.000237276
0.00458659 4.67827e-05
0.00327467 0.00320015
0.0029374 0.00282099
0.00291466 0.00276841
0.00385634 0.000127289
0.00389477 0.000170811
0.00382792 0.000177502
0.00251659 0.00240449
0.00247048 0.00242939
0.00247698 0.00239168
0.00240616 0.00222761
0.00236962 0.0022717
0.00401211 0.00183044
0.00327416 0.00294718
0.00313726 0.00186142
0.00335586 0.00128916
0.00337468 0.00121256
0.00332093 0.00123885
0.00427018 0.000246565
0.00390975 0.00181178
0.00417052 0.000308787
0.00413536 0.00027184
0.00418736 0.00024538
0.00338672 0.0013949
0.0033989 0.00180523
0.00320611 0.00295182
0.00347983 0.00114342
0.00349079 0.00108343
0.00352986 0.00116239
0.00341465 0.00113483
0.00422735 0.00159653
0.0035106 0.00274534
0.00343592 0.00108816
0.0033446 0.00298203
0.00454615 0.000225346
0.0039823 0.00131998
0.00392813 0.00135761
0.00337454 0.00306094
0.00336941 0.00291592
0.00319573 0.0015931
0.00312992 0.00161878
0.0031562 0.00154459
0.00244632 0.00221926
0.00397275 0.00143472
0.00402942 0.00128092
0.00272445 0.00201577
0.00269018 0.00205463
0.00306991 0.00168807
0.00306114 0.00174579
0.00314488 0.00168962
0.00300313 0.0017462
0.00299978 0.00179343
0.00311215 0.00156729
0.00279871 0.00203871
0.00274131 0.0020608
0.00276121 0.00198777
0.00318853 0.00230468
0.00333788 0.00144067
0.00333178 0.00135834
0.00396862 0.00151731
0.00388609 0.00144979
0.00295504 0.00289098
0.00259196 0.00215942
0.00254081 0.00218857
0.00289731 0.00190934
0.00284647 0.00187513
0.00287907 0.00181898
0.0029248 0.00196249
0.00285505 0.00194546
0.00287797 0.00199637
0.00328163 0.00118906
0.00334126 0.0011542
0.00304208 0.00194422
0.00297738 0.00195176
0.00302464 0.00189004
0.00298717 0.00200287
0.00343394 0.00300207
0.00317395 0.00123433
0.00440297 0.000899163
0.00435995 0.000805758
0.00448691 0.000842579
0.00279481 0.00195663
0.00282309 0.00191904
0.00421339 0.000366797
0.00359264 0.00259271
0.00346914 0.00257471
0.00354535 0.00253429
0.00352118 0.00265479
0.00430833 0.00085819
0.00394049 0.00157825
0.00414119 0.00188095
0.0041324 0.00197297
0.00406776 0.0019767
0.0038355 0.00104688
0.00374404 0.00108163
0.00396662 0.00013926
0.00395087 0.000186949
0.00392141 0.000125212
0.00288311 0.00280688
0.00282681 0.00198454
0.00329941 0.0013136
0.00324974 0.00134032
0.00326359 0.00126445
0.0032001 0.0012927
0.00329151 0.00149213
0.0032818 0.00155447
0.00334255 0.00156589
0.00362936 0.0010652
0.00361184 0.000999856
0.00354013 0.00102144
0.00267622 0.00261887
0.0026434 0.00258949
0.00318506 0.0013581
0.00272452 0.00261387
0.0032163 0.00140476
0.00328067 0.00139564
0.00309928 0.0014545
0.00324277 0.00144711
0.0031881 0.00147326
0.00315159 0.00141708
0.00300613 0.00293382
0.00288826 0.00175443
0.00397906 4.76555e-05
0.00402237 4.84371e-05
0.00430176 0.000319651
0.00422745 0.000296637
0.00321666 0.00281738
0.00324514 0.00277132
0.0032922 0.0027894
0.00326666 0.00270473
0.00283762 0.00277736
0.00456036 0.000304476
0.0031299 0.00300708
0.0040292 9.59043e-05
0.00406747 3.43396e-05
0.00322763 0.00121393
0.00304299 0.00261956
0.00298414 0.00260072
0.00305355 0.00256119
0.00237452 0.00230728
0.00239329 0.00233963
0.00300658 0.00289177
0.00296711 0.00285142
0.00300131 0.00265643
0.0032954 0.00286334
0.00319576 0.00288205
0.002968 0.00267143
0.00279517 0.00260391
0.0027525 0.00259886
0.00451727 0.000154174
0.00443685 0.00016976
0.00277744 0.00264201
0.00385451 0.00156979
0.00388099 0.00162347
0.0044694 0.000247148
0.00334389 0.00174027
0.00327537 0.00173397
0.0029492 0.00169524
0.00289855 0.00164889
0.00294741 0.00164412
0.00289454 0.0016988
0.002946 0.00175117
0.00300707 0.00168996
0.00435789 0.000718448
0.00428331 0.000670389
0.00434537 0.000654422
0.00426876 0.000604731
0.00313098 0.00149892
0.00322093 0.00152796
0.00325897 0.00179785
0.00385515 0.000764638
0.00389622 0.000838809
0.00395062 0.000866989
0.00397873 0.000806842
0.00310738 0.00271757
0.00303714 0.00270566
0.00366554 0.00148937
0.00368126 0.00155934
0.00266485 0.00219265
0.00365278 0.0016448
0.004282 0.00038068
0.00317656 0.00215791
0.00360732 0.00142705
0.00370744 0.0014387
0.00449159 0.000311472
0.00346912 0.00229264
0.00347529 0.00221024
0.00366074 0.00261878
0.00280336 0.00210632
0.00282238 0.00216892
0.00397666 9.12028e-05
0.00417653 0.000590498
0.00423625 0.000533096
0.0027542 0.00250285
0.00276758 0.00246297
0.00271762 0.0024481
0.0027691 0.00269887
0.00280135 0.00273436
0.00421578 0.000654981
0.0034378 0.00266438
0.00388469 0.000404381
0.00387218 0.000337444
0.00386907 0.000470537
0.00387978 0.00189505
0.00385456 0.00183437
0.00397026 0.00227369
0.00393612 0.00232416
0.00393291 0.00222845
0.00343493 0.00192383
0.00350774 0.00191206
0.00373937 0.00124778
0.00248024 0.00230879
0.00252864 0.00233292
0.00249136 0.00235044
0.00300694 0.00153327
0.00308381 0.00152457
0.00305314 0.00157161
0.00231999 0.00225801
0.00233948 0.00228145
0.00379153 0.001424
0.00303924 0.00200393
0.00301266 0.00205445
0.00321029 0.00201118
0.00316636 0.00206755
0.00315647 0.00197756
0.00287625 0.0027373
0.00290512 0.00269381
0.00296124 0.00272607
0.00286288 0.00267273
0.00240772 0.00226316
0.00310347 0.00202293
0.0034325 0.00168474
0.00335905 0.00166448
0.0024564 0.00226917
0.00257611 0.00251337
0.00257564 0.0024743
0.00261199 0.0024733
0.004289 0.000748435
0.00415317 0.00034815
0.0041058 0.000323091
0.00407388 0.000279579
0.00420042 0.000743972
0.00374989 0.00171887
0.00254426 0.00249137
0.00251429 0.00245277
0.00353114 0.00149294
0.00310292 0.00195738
0.00318016 0.00192535
0.00402871 0.00109832
0.00412203 0.0011009
0.00282829 0.00236214
0.00282447 0.00243188
0.00279196 0.0024118
0.0028681 0.00241108
0.00336346 0.00194183
0.00286969 0.0024602
0.00323706 0.00236602
0.00450678 0.000696367
0.00452849 0.000775412
0.0045295 0.000617591
0.00391379 0.000924195
0.00387262 0.000983679
0.00385939 0.000886118
0.0040375 0.00210109
0.00398784 0.00217997
0.00394014 0.00213758
0.00433581 0.000153196
0.00357864 0.00196348
0.00364883 0.00196225
0.00362739 0.00189841
0.00395916 0.00110013
0.00394049 0.00102923
0.00270425 0.00226987
0.00264846 0.00225356
0.0030392 0.00238866
0.00392455 0.000358283
0.0024925 0.00220751
0.00256387 0.0022465
0.00250675 0.00225406
0.00286202 0.00205234
0.00293788 0.00202095
0.00314284 0.00247602
0.0031228 0.002541
0.00307632 0.0025069
0.00338728 0.00250345
0.00356932 0.00110341
0.00325556 0.00256511
0.00324318 0.00264007
0.00342552 0.00186089
0.00275674 0.00230275
0.00315094 0.00292633
0.0029138 0.00286364
0.0037792 5.19413e-05
0.00382291 3.30747e-05
0.00400043 0.00161671
0.00354344 0.00212708
0.00319529 0.00186931
0.00331481 0.00245764
0.00337592 0.00243645
0.00440526 0.000710384
0.0044767 0.000951332
0.00375462 0.00256935
0.00431949 0.00092964
0.00362834 0.00253835
0.00368977 0.00246888
0.00368044 0.00254891
0.00346746 0.00176359
0.00350136 0.00171136
0.00310123 0.00259665
0.00400906 0.00200494
0.00409988 0.00204315
0.00270643 0.00264043
0.00412654 0.00040371
0.00274209 0.0026623
0.00252922 0.00237049
0.00383008 0.000825039
0.00290622 0.00257484
0.00293139 0.0026374
0.0028655 0.00262008
0.00282118 0.00226592
0.00281176 0.00266717
0.00287317 0.00230993
0.00317242 0.0025762
0.00393974 0.000618968
0.00340429 0.0021411
0.00245117 0.00233413
0.00283849 0.00270905
0.00339214 0.00227596
0.00340206 0.00220348
0.00322536 0.00165643
0.00388754 0.000589985
0.00373027 0.00152132
0.00375408 0.00147149
0.00379165 0.00156127
0.00333418 0.00212438
0.0038201 0.00148752
0.00413262 0.00070767
0.00405666 0.000755519
0.00407279 0.000690243
0.00292868 0.00235826
0.00412534 0.000788339
0.00380676 0.00162822
0.00304562 0.00244078
0.00402893 0.000304779
0.00396407 0.000314606
0.00454311 0.000534781
0.00380253 0.000745197
0.00316842 0.00297916
0.00317376 0.00301902
0.00318761 0.00251111
0.00392619 7.92373e-05
0.00388924 0.00216487
0.00345894 0.00248336
0.00306799 0.00208768
0.0032226 0.00211247
0.00431453 0.00021941
0.00431461 0.000524777
0.00443634 0.000761643
0.00433053 0.000586404
0.00432795 0.000463486
0.0024189 0.00230595
0.00242941 0.00237205
0.00329557 0.00232369
0.00330424 0.00239671
0.00326373 0.00240935
0.00409207 0.000623225
0.00414738 0.000649034
0.00274953 0.002628
0.00409762 0.000152155
0.00311112 0.00265704
0.00306565 0.00265963
0.00380098 0.0009345
0.00341017 0.00174911
0.00359617 0.00150111
0.00409262 0.000468453
0.00405897 0.000549039
0.00424135 0.000840162
0.00418704 0.00129917
0.0035281 0.00155777
0.00346492 0.00155415
0.00435413 0.00135919
0.00381967 9.63442e-05
0.00394151 3.80874e-05
0.00421756 0.00136381
0.00261178 0.00221158
0.00411603 0.000551798
0.00385471 6.56394e-05
0.00363798 0.00124488
0.00362491 0.00115567
0.00367845 0.00119865
0.00420729 0.00104577
0.0038205 0.00233121
0.00395318 0.00117493
0.00389512 0.00108239
0.0037369 0.00131702
0.00372869 0.00162295
0.00366613 0.00170571
0.00251794 0.00229679
0.00356109 0.00186142
0.00324202 0.00248145
0.00344879 0.00239019
0.00442304 0.000646064
0.00266547 0.00243773
0.00330686 0.00264268
0.00336607 0.00235699
0.0038079 0.00111285
0.00371634 0.0011431
0.00416025 0.00086157
0.00279529 0.00221419
0.00400654 0.000450488
0.00389242 3.81751e-05
0.00416374 0.000197102
0.00389129 0.00152509
0.00296936 0.00157049
0.00300353 0.00162349
0.00326226 0.00160103
0.00381371 0.00178428
0.00393496 0.000423669
0.00325386 0.00194673
0.00319178 0.00241899
0.00318364 0.0027267
0.00328755 0.00167374
0.00303997 0.00148286
0.00403539 0.00059513
0.00266825 0.0025539
0.00352755 0.0024651
0.00294927 0.00150916
0.0029196 0.00159565
0.00291749 0.00228869
0.00388433 9.97164e-05
0.00295268 0.00254217
0.00436523 0.00129069
0.00265537 0.00248402
0.00260861 0.00256439
0.00383133 0.00168262
0.00366461 0.00111185
0.00345522 0.00162007
0.00282518 0.00263031
0.00429567 0.00151359
0.00312201 0.00190995
0.00262297 0.00252217
0.00339467 0.00160496
0.00405083 0.000836442
0.00274492 0.00212128
0.00439331 0.00121623
0.00331002 0.00162028
0.00388954 0.000226791
0.00307105 0.00163197
0.00278652 0.00232694
0.00360646 0.00247704
0.00361356 0.0012986
0.00439425 0.000565636
0.00298143 0.0014558
0.00317904 0.00264964

mfem_serial_mesh_end

communication_groups
number_of_groups 4

# number of entities in each group, followed by ranks in group
1 2
2 0 2
2 2 3
3 0 2 3

total_shared_vertices 58
total_shared_edges 57

# group 0 has no shared entities

# group 1
shared_vertices 22
21
122
123
341
416
448
451
452
461
468
469
471
472
487
488
527
564
566
623
682
819
833

shared_edges 22
487 488
123 468
341 416
564 833
451 452
819 832
448 682
468 469
819 833
341 623
469 682
527 566
122 123
122 452
471 488
461 487
471 472
21 623
472 527
564 566
451 461
416 448

# group 2
shared_vertices 35
2
125
127
128
155
166
308
309
370
371
404
405
410
412
433
435
438
476
477
483
509
514
515
518
522
525
541
606
607
608
698
752
787
828
858

shared_edges 35
410 412
435 438
433 438
404 607
433 515
308 309
370 514
309 371
606 607
514 515
522 828
128 752
509 518
518 525
483 541
483 509
476 541
370 371
476 477
405 412
404 405
522 525
410 787
125 127
127 128
125 155
698 787
435 477
155 166
828 858
832 858
2 698
606 608
308 752
166 608

# group 3
shared_vertices 1
832

shared_edges 0

mfem_mesh_end
