MFEM mesh v1.2

#
# MFEM Geometry Types (see mesh/geom.hpp):
#
# POINT       = 0
# SEGMENT     = 1
# TRIANGLE    = 2
# SQUARE      = 3
# TETRAHEDRON = 4
# CUBE        = 5
# PRISM       = 6
# PYRAMID     = 7
#

dimension
2

elements
920
4 2 69 70 68
4 2 72 73 71
4 2 82 81 83
4 2 63 88 64
4 2 119 117 118
4 2 88 141 142
4 2 148 147 150
4 2 126 158 149
4 2 184 182 181
4 2 144 146 201
4 2 164 174 171
4 2 217 111 221
4 2 103 216 154
4 2 79 137 235
4 2 190 239 238
4 2 251 250 246
4 2 134 41 39
4 2 299 300 295
4 2 303 4 304
4 2 307 306 308
4 2 312 313 314
4 2 328 326 325
4 2 255 257 329
4 2 300 68 351
4 2 357 299 358
4 2 297 287 358
4 2 371 281 376
4 2 409 407 408
4 2 448 357 449
4 2 287 406 449
4 2 55 473 472
4 2 211 478 477
4 2 362 479 294
4 2 487 278 115
4 2 492 448 493
4 2 502 283 284
4 2 93 92 503
4 2 230 228 227
4 2 34 511 44
4 2 185 229 176
4 2 522 492 523
4 2 48 323 152
4 2 514 307 532
4 2 338 349 337
4 2 268 560 85
4 2 526 339 106
4 2 326 363 532
4 2 570 522 571
4 2 574 71 207
4 2 597 274 598
4 2 271 599 95
4 2 188 562 186
4 2 635 634 636
4 2 648 649 647
4 2 650 651 265
4 2 497 205 204
4 2 660 428 663
4 2 74 389 400
4 2 574 672 267
4 2 397 65 67
4 2 695 624 623
4 2 689 688 698
4 2 246 245 329
4 2 467 368 432
4 2 717 697 279
4 2 563 389 348
4 2 105 399 609
4 2 656 444 655
4 2 364 725 426
4 2 226 318 227
4 2 420 689 742
4 2 208 117 249
4 2 476 314 445
4 2 782 783 155
4 2 788 787 795
4 2 747 797 787
4 2 788 799 662
4 2 98 104 109
4 2 111 110 192
4 2 94 184 746
4 2 518 810 771
4 2 130 125 127
4 2 214 836 835
4 2 315 55 57
4 2 837 440 438
4 2 390 270 350
4 2 861 32 45
4 2 872 263 870
4 2 327 322 873
4 2 460 157 152
4 2 817 251 868
4 2 76 75 346
4 2 853 345 877
4 2 317 491 408
4 2 589 550 878
4 2 430 137 431
4 2 447 420 417
4 2 63 100 385
4 2 277 241 547
4 2 675 434 433
4 2 330 711 331
4 2 298 653 285
4 2 682 383 684
4 2 639 188 196
4 2 423 528 140
4 2 320 626 878
4 2 882 229 335
4 2 486 637 89
4 2 651 809 808
4 2 95 881 91
4 2 271 321 260
4 2 470 487 459
4 2 165 191 163
4 2 588 589 884
4 2 203 158 132
4 2 779 533 534
4 2 228 182 199
4 2 161 194 172
4 2 262 489 62
4 2 239 334 860
4 2 203 166 194
4 2 399 820 398
4 2 353 298 296
4 2 302 500 301
4 2 456 530 457
4 2 697 855 280
4 2 453 452 413
4 2 378 116 380
4 2 368 474 468
4 2 288 316 243
4 2 516 75 84
4 2 673 373 517
4 2 826 153 101
4 2 710 888 80
4 2 888 748 856
4 2 102 777 794
4 2 839 504 811
4 2 250 866 890
4 2 50 49 269
4 2 548 316 247
4 2 760 761 445
4 2 437 548 438
4 2 768 730 99
4 2 321 865 880
4 2 261 391 728
4 2 397 709 220
4 2 624 747 662
4 2 11 10 597
4 2 510 34 891
4 2 33 471 891
4 2 400 388 428
4 2 853 833 790
4 2 14 13 738
4 2 151 311 46
4 2 543 539 585
4 2 253 341 704
4 2 618 374 610
4 2 410 7 6
4 2 630 631 384
4 2 793 16 15
4 2 559 560 208
4 2 15 14 745
4 2 656 665 729
4 2 756 625 799
4 2 715 641 625
4 2 819 488 497
4 2 108 153 846
4 2 660 473 723
4 2 807 805 458
4 2 671 313 219
4 3 21 798 534 22
4 3 757 773 772 752
4 3 20 796 798 21
4 3 19 794 796 20
4 3 712 753 749 710
4 3 775 798 796 774
4 3 735 740 753 712
4 3 774 796 794 777
4 3 779 534 798 775
4 3 774 772 773 775
4 3 593 591 592 594
4 3 752 749 753 757
4 3 707 706 693 694
4 3 676 690 686 694
4 3 676 674 675 677
4 3 694 686 685 707
4 3 621 693 706 658
4 3 594 685 686 593
4 3 604 434 675 613
4 3 593 686 690 691
4 3 694 693 674 676
4 3 757 753 740 741
4 3 622 674 693 621
4 3 613 675 674 622
4 3 712 82 731 735
4 3 615 583 614 616
4 3 583 578 579 614
4 3 691 732 591 593
4 3 579 566 580 614
4 3 751 720 719 781
4 3 741 778 773 757
4 3 577 567 566 579
4 3 781 592 591 751
4 3 614 580 608 616
4 3 751 591 732 733
4 3 583 615 627 582
4 3 617 576 582 627
4 3 0 719 720 1
4 3 578 551 577 579
4 3 607 608 580 581
4 3 568 566 567 569
4 3 775 773 778 779
4 3 621 619 620 622
4 3 578 583 582 584
4 3 581 580 566 568
4 3 1 720 758 2
4 3 879 687 632 557
4 3 568 544 595 581
4 3 556 606 595 596
4 3 569 545 544 568
4 3 658 657 619 621
4 3 581 595 606 607
4 3 733 758 720 751
4 3 538 544 545 537
4 3 576 575 584 582
4 3 691 690 711 713
4 3 596 595 544 538
4 3 575 542 549 584
4 3 622 620 612 613
4 3 556 554 555 557
4 3 557 632 606 556
4 3 538 536 644 596
4 3 596 644 554 556
4 3 645 644 536 646
4 3 646 536 535 683
4 3 683 603 602 646
4 3 551 578 584 549
4 3 537 535 536 538
4 3 654 554 644 645
4 3 780 555 554 654
4 3 780 619 657 722
4 3 645 612 620 654
4 3 646 602 612 645
4 3 557 555 721 879
4 3 654 620 619 780
4 3 722 721 555 780
4 3 855 380 116 280
4 3 777 776 772 774
4 3 571 522 523 525
4 3 61 322 306 323
4 3 752 772 776 750
4 3 571 572 629 570
4 3 434 352 351 68
4 3 677 711 690 676
4 3 572 571 525 573
4 3 236 258 193 885
4 3 351 296 295 300
4 3 668 666 630 384
4 3 589 878 626 884
4 3 428 388 427 886
4 3 841 856 748 889
4 3 843 841 889 846
4 3 710 749 748 888
4 3 735 731 734 739
4 3 741 740 553 558
4 3 275 197 198 364
4 3 630 629 572 631
4 3 714 663 428 886
4 3 613 612 602 604
4 3 666 668 727 665
4 3 246 708 699 251
4 3 551 550 589 577
4 3 295 297 358 299
4 3 665 727 726 729
4 3 478 734 731 692
4 3 727 730 765 726
4 3 730 727 668 99
4 3 212 214 835 440
4 3 813 842 841 843
4 3 661 215 866 867
4 3 726 765 764 766
4 3 861 290 669 887
4 3 754 801 800 802
4 3 800 828 827 830
4 3 850 827 828 831
4 3 590 91 881 650
4 3 830 818 802 800
4 3 327 873 488 849
4 3 827 850 481 851
4 3 736 759 758 733
4 3 482 858 851 481
4 3 814 816 842 813
4 3 792 791 744 785
4 3 642 586 643 671
4 3 831 828 803 822
4 3 703 705 789 701
4 3 18 102 794 19
4 3 738 743 745 14
4 3 784 814 813 815
4 3 743 744 791 745
4 3 561 282 281 370
4 3 815 813 843 824
4 3 764 806 805 807
4 3 822 821 845 831
4 3 815 792 785 784
4 3 750 748 749 752
4 3 684 653 603 683
4 3 801 803 828 800
4 3 486 89 590 484
4 3 715 716 714 886
4 3 604 602 603 353
4 3 237 863 259 728
4 3 259 260 261 728
4 3 745 791 793 15
4 3 485 179 515 483
4 3 791 792 823 793
4 3 739 553 740 735
4 3 824 823 792 815
4 3 858 482 361 328
4 3 430 431 347 355
4 3 683 535 682 684
4 3 830 827 851 848
4 3 703 702 680 704
4 3 848 847 818 830
4 3 237 236 163 191
4 3 704 680 647 253
4 3 176 229 882 240
4 3 135 133 134 136
4 3 846 153 824 843
4 3 850 852 480 481
4 3 856 841 842 844
4 3 328 361 363 326
4 3 586 522 570 643
4 3 846 889 776 108
4 3 680 679 648 647
4 3 858 333 848 851
4 3 540 492 522 586
4 3 508 448 492 540
4 3 733 732 681 736
4 3 57 55 56 58
4 3 682 874 371 376
4 3 705 703 704 341
4 3 569 567 588 639
4 3 514 510 469 307
4 3 63 64 52 100
4 3 611 724 718 405
4 3 393 299 357 465
4 3 297 295 296 298
4 3 589 588 567 577
4 3 93 503 29 28
4 3 806 764 765 767
4 3 597 598 66 633
4 3 465 357 448 508
4 3 542 541 552 549
4 3 115 278 280 116
4 3 187 370 372 196
4 3 447 688 689 420
4 3 381 224 223 365
4 3 308 326 532 307
4 3 852 850 831 845
4 3 692 731 82 83
4 3 534 533 23 22
4 3 118 117 208 560
4 3 793 823 826 16
4 3 153 826 823 824
4 3 305 460 152 323
4 3 713 681 732 691
4 3 496 493 406 340
4 3 416 366 365 223
4 3 692 266 477 478
4 3 490 552 541 454
4 3 585 540 586 642
4 3 702 703 701 695
4 3 454 452 453 490
4 3 744 743 737 742
4 3 286 287 285 450
4 3 565 563 564 359
4 3 377 379 486 483
4 3 550 551 549 552
4 3 862 32 861 867
4 3 291 69 292 392
4 3 710 80 82 712
4 3 235 231 562 310
4 3 611 373 673 724
4 3 292 300 299 393
4 3 245 288 255 329
4 3 35 37 244 494
4 3 69 68 300 292
4 3 296 351 352 353
4 3 449 406 493 448
4 3 418 419 417 420
4 3 766 760 729 726
4 3 370 187 527 561
4 3 679 680 702 401
4 3 239 190 240 882
4 3 430 231 235 137
4 3 191 190 238 864
4 3 361 362 360 363
4 3 142 141 276 206
4 3 481 480 479 482
4 3 525 523 496 526
4 3 2 758 759 3
4 3 305 307 469 459
4 3 502 443 441 396
4 3 857 834 80 888
4 3 303 304 381 365
4 3 862 36 33 32
4 3 639 638 545 569
4 3 509 550 552 490
4 3 860 809 881 859
4 3 328 325 333 858
4 3 488 489 205 497
4 3 392 292 393 464
4 3 165 189 190 191
4 3 79 77 78 137
4 3 666 628 629 630
4 3 803 801 756 799
4 3 485 484 672 574
4 3 433 434 68 70
4 3 331 70 69 291
4 3 179 485 574 207
4 3 11 597 633 12
4 3 419 65 446 417
4 3 759 736 381 304
4 3 233 461 504 839
4 3 430 355 232 231
4 3 539 508 540 585
4 3 321 880 876 386
4 3 73 512 513 248
4 3 99 668 384 100
4 3 281 283 382 376
4 3 234 202 200 462
4 3 112 110 111 113
4 3 223 224 222 225
4 3 320 509 491 317
4 3 119 199 182 184
4 3 766 764 807 770
4 3 531 512 834 857
4 3 339 526 496 340
4 3 177 169 192 110
4 3 164 165 163 166
4 3 398 63 385 399
4 3 418 420 742 737
4 3 494 278 487 470
4 3 113 111 217 216
4 3 520 518 519 455
4 3 799 788 822 803
4 3 108 102 101 153
4 3 199 119 118 226
4 3 266 692 83 72
4 3 844 842 816 840
4 3 507 465 508 539
4 3 537 545 638 874
4 3 679 403 425 648
4 3 347 76 346 355
4 3 372 371 874 638
4 3 225 415 416 223
4 3 387 389 563 565
4 3 874 682 535 537
4 3 870 156 54 53
4 3 880 865 855 697
4 3 256 257 255 270
4 3 333 849 847 848
4 3 378 377 500 302
4 3 464 393 465 507
4 3 350 288 243 242
4 3 365 366 354 303
4 3 353 603 653 298
4 3 387 640 427 388
4 3 169 177 189 171
4 3 429 416 415 432
4 3 804 530 833 853
4 3 670 431 137 78
4 3 714 716 754 755
4 3 511 514 360 495
4 3 840 816 810 518
4 3 832 833 530 456
4 3 107 396 395 105
4 3 767 765 730 768
4 3 670 197 564 436
4 3 402 640 664 403
4 3 57 58 819 497
4 3 130 129 175 131
4 3 85 560 559 86
4 3 477 266 265 651
4 3 105 395 820 399
4 3 818 58 56 802
4 3 812 829 838 811
4 3 770 761 760 766
4 3 442 443 282 561
4 3 635 636 738 13
4 3 337 349 283 502
4 3 219 218 642 671
4 3 816 814 786 810
4 3 860 859 238 239
4 3 449 357 358 287
4 3 213 215 661 667
4 3 404 424 618 610
4 3 797 747 701 789
4 3 203 174 164 166
4 3 112 185 176 110
4 3 739 734 210 319
4 3 169 170 168 192
4 3 695 623 401 702
4 3 144 145 143 146
4 3 181 182 183 113
4 3 158 203 194 161
4 3 171 189 165 164
4 3 240 190 189 177
4 3 505 504 461 277
4 3 354 410 6 5
4 3 247 245 246 250
4 3 73 81 834 512
4 3 768 54 155 767
4 3 618 725 601 374
4 3 267 265 266 72
4 3 451 450 285 653
4 3 117 94 93 249
4 3 267 72 71 574
4 3 468 429 432 368
4 3 96 103 104 98
4 3 199 226 227 228
4 3 453 409 408 491
4 3 397 67 521 524
4 3 343 344 342 345
4 3 271 260 259 599
4 3 573 609 631 572
4 3 444 314 313 655
4 3 126 125 132 158
4 3 33 36 35 471
4 3 493 496 523 492
4 3 65 397 220 446
4 3 427 641 715 886
4 3 487 115 157 460
4 3 637 486 379 871
4 3 854 390 350 242
4 3 345 342 311 877
4 3 348 76 347 436
4 3 689 698 784 785
4 3 242 243 241 146
4 3 366 416 429 411
4 3 883 180 248 513
4 3 349 338 286 450
4 3 204 315 57 497
4 3 181 103 746 184
4 3 563 348 436 564
4 3 73 72 83 81
4 3 161 147 149 158
4 3 222 224 681 713
4 3 696 77 407 600
4 3 890 837 438 548
4 3 375 412 414 652
4 3 474 368 367 524
4 3 659 660 723 678
4 3 374 373 611 610
4 3 725 364 198 696
4 3 396 441 435 395
4 3 506 346 75 516
4 3 524 521 546 474
4 3 394 467 432 415
4 3 174 203 132 131
4 3 524 367 709 397
4 3 477 651 808 211
4 3 159 160 147 161
4 3 455 456 457 883
4 3 127 38 40 130
4 3 268 85 50 269
4 3 421 820 395 435
4 3 747 624 695 701
4 3 379 377 378 380
4 3 474 546 466 468
4 3 650 881 809 651
4 3 507 369 467 464
4 3 423 140 769 421
4 3 805 832 456 458
4 3 382 283 349 450
4 3 97 96 98 289
4 3 312 446 219 313
4 3 173 159 145 144
4 3 52 53 54 768
4 3 528 529 678 723
4 3 699 700 244 37
4 3 403 664 275 425
4 3 170 169 171 174
4 3 94 117 119 184
4 3 59 342 344 263
4 3 160 138 150 147
4 3 30 97 289 31
4 3 226 268 269 318
4 3 149 147 148 128
4 3 628 666 665 656
4 3 221 111 192 168
4 3 854 875 258 390
4 3 811 838 763 839
4 3 138 160 162 139
4 3 234 462 461 233
4 3 385 100 384 631
4 3 410 411 463 7
4 3 216 217 122 154
4 3 415 225 293 394
4 3 401 402 403 679
4 3 78 198 197 670
4 3 120 122 825 135
4 3 626 562 188 884
4 3 561 527 356 442
4 3 509 320 878 550
4 3 422 423 421 435
4 3 321 271 90 865
4 3 870 53 869 872
4 3 27 26 208 249
4 3 470 471 35 494
4 3 783 806 767 155
4 3 51 49 50 60
4 3 788 795 821 822
4 3 129 133 167 175
4 3 445 761 762 476
4 3 145 172 195 143
4 3 99 100 52 768
4 3 48 47 61 323
4 3 126 149 128 124
4 3 125 130 131 132
4 3 140 141 88 769
4 3 46 311 342 59
4 3 172 194 193 195
4 3 334 808 809 860
4 3 254 318 319 210
4 3 170 174 131 175
4 3 218 543 585 642
4 3 75 76 74 84
4 3 672 484 590 650
4 3 109 104 121 123
4 3 371 372 370 281
4 3 175 167 168 170
4 3 129 130 40 41
4 3 230 229 185 228
4 3 369 367 368 467
4 3 367 369 543 709
4 3 699 37 868 251
4 3 404 405 252 649
4 3 140 528 332 141
4 3 539 543 369 507
4 3 779 778 51 533
4 3 709 543 218 220
4 3 406 287 286 340
4 3 256 270 261 386
4 3 472 473 660 663
4 3 790 343 345 853
4 3 419 418 634 66
4 3 85 86 60 50
4 3 516 84 529 422
4 3 133 135 825 167
4 3 186 232 527 187
4 3 125 126 124 127
4 3 755 754 802 56
4 3 142 206 872 869
4 3 250 251 817 866
4 3 659 400 428 660
4 3 806 783 832 805
4 3 66 67 65 419
4 3 853 877 501 804
4 3 513 512 531 520
4 3 101 102 18 17
4 3 470 459 469 471
4 3 587 441 443 442
4 3 490 453 491 509
4 3 324 120 135 136
4 3 95 91 90 271
4 3 529 528 423 422
4 3 261 270 390 391
4 3 92 93 94 746
4 3 172 145 159 161
4 3 489 488 873 62
4 3 623 641 402 401
4 3 392 394 293 291
4 3 410 354 366 411
4 3 316 288 245 247
4 3 222 330 293 225
4 3 264 205 489 262
4 3 519 518 771 770
4 3 633 66 634 635
4 3 505 277 547 437
4 3 334 239 882 335
4 3 160 159 173 162
4 3 34 32 33 891
4 3 155 54 156 782
4 3 623 624 625 641
4 3 60 87 533 51
4 3 96 92 746 103
4 3 209 210 211 336
4 3 478 211 210 734
4 3 820 421 769 398
4 3 609 399 385 631
4 3 319 318 269 49
4 3 531 857 844 840
4 3 206 204 205 264
4 3 108 776 777 102
4 3 833 832 783 790
4 3 47 46 59 262
4 3 464 467 394 392
4 3 44 42 43 45
4 3 565 664 640 387
4 3 88 142 869 64
4 3 655 643 628 656
4 3 179 180 178 515
4 3 723 473 332 528
4 3 378 302 114 116
4 3 407 77 79 309
4 3 389 387 388 400
4 3 411 429 468 466
4 3 325 326 308 327
4 3 609 573 106 105
4 3 463 411 466 273
4 3 711 677 70 331
4 3 641 427 640 402
4 3 688 447 476 762
4 3 819 847 849 488
4 3 123 121 120 324
4 3 729 760 444 656
4 3 264 263 872 206
4 3 92 96 97 503
4 3 742 689 785 744
4 3 471 469 510 891
4 3 737 636 634 418
4 3 417 446 312 447
4 3 866 215 837 890
4 3 254 230 227 318
4 3 228 185 183 182
4 3 360 362 294 495
4 3 804 501 499 178
4 3 439 437 438 440
4 3 235 310 309 79
4 3 217 221 825 122
4 3 241 277 201 146
4 3 178 457 530 804
4 3 526 106 573 525
4 3 787 788 662 747
4 3 285 287 297 298
4 3 90 89 637 865
4 3 442 356 506 587
4 3 835 812 439 440
4 3 810 786 762 771
4 3 862 817 868 36
4 3 669 667 661 887
4 3 812 835 836 829
4 3 484 485 483 486
4 3 548 437 547 316
4 3 382 450 451 383
4 3 276 141 332 315
4 3 696 600 601 725
4 3 44 45 32 34
4 3 280 278 279 697
4 3 335 229 230 209
4 3 310 562 626 320
4 3 756 716 715 625
4 3 255 288 350 270
4 3 625 624 662 799
4 3 338 337 107 339
4 3 247 250 890 548
4 3 122 120 121 154
4 3 115 116 114 157
4 3 173 144 200 162
4 3 221 168 167 825
4 3 854 143 195 875
4 3 232 355 356 527
4 3 511 34 510 514
4 3 870 263 344 156
4 3 188 639 588 884
4 3 500 499 501 301
4 3 25 24 86 559
4 3 306 307 305 323
4 3 558 51 778 741
4 3 243 316 547 241
4 3 177 110 176 240
4 3 473 55 315 332
4 3 274 546 521 598
4 3 263 264 262 59
4 3 409 412 600 407
4 3 325 327 849 333
4 3 837 215 212 440
4 3 840 518 520 531
4 3 303 354 5 4
4 3 445 314 444 760
4 3 56 55 472 755
4 3 672 650 265 267
4 3 826 101 17 16
4 3 319 49 553 739
4 3 74 400 659 678
4 3 274 597 10 9
4 3 396 107 337 502
4 3 204 206 276 315
4 3 876 717 700 257
4 3 856 844 857 888
4 3 494 244 279 278
4 3 463 272 8 7
4 3 717 279 244 700
4 3 519 770 807 458
4 3 346 506 356 355
4 3 439 504 505 437
4 3 476 447 312 314
4 3 811 504 439 812
4 3 570 629 628 643
4 3 156 344 343 782
4 3 256 386 876 257
4 3 398 769 88 63
4 3 867 866 817 862
4 3 425 426 424 648
4 3 375 373 374 601
4 3 636 737 743 738
4 3 801 754 716 756
4 3 268 226 118 560
4 3 252 253 647 649
4 3 451 653 684 383
4 3 436 347 431 670
4 3 414 412 413 452
4 3 859 881 95 599
4 3 216 103 181 113
4 3 193 194 166 885
4 3 231 232 186 562
4 3 873 322 61 62
4 3 499 498 515 178
4 3 457 178 180 883
4 3 238 859 863 864
4 3 220 218 219 446
4 3 162 200 202 139
4 3 408 407 309 317
4 3 520 455 883 513
4 3 293 330 331 291
4 3 559 208 26 25
4 3 12 633 635 13
4 3 53 52 64 869
4 3 847 819 58 818
4 3 511 495 42 44
4 3 277 461 462 201
4 3 248 207 71 73
4 3 40 38 39 41
4 3 74 76 348 389
4 3 200 144 201 462
4 3 698 786 814 784
4 3 283 281 282 284
4 3 375 601 600 412
4 3 587 506 516 605
4 3 671 643 655 313
4 3 188 186 187 196
4 3 107 105 106 339
4 3 498 377 483 515
4 3 517 373 375 652
4 3 151 157 114 302
4 3 209 230 254 210
4 3 46 47 48 151
4 3 717 876 880 697
4 3 728 391 236 237
4 3 663 714 755 472
4 3 786 698 688 762
4 3 322 327 308 306
4 3 363 360 514 532
4 3 197 275 359 564
4 3 736 681 224 381
4 3 151 48 152 157
4 3 151 302 301 311
4 3 143 854 242 146
4 3 362 361 482 479
4 3 329 257 708 246
4 3 133 129 41 134
4 3 37 35 36 868
4 3 391 390 258 236
4 3 380 855 871 379
4 3 475 252 405 718
4 3 598 521 67 66
4 3 386 261 260 321
4 3 610 611 405 404
4 3 28 27 249 93
4 3 460 305 459 487
4 3 3 759 304 4
4 3 183 185 112 113
4 3 196 372 638 639
4 3 649 648 424 404
4 3 213 214 212 215
4 3 441 587 605 435
4 3 425 275 364 426
4 3 198 78 77 696
4 3 273 274 272 463
4 3 87 60 86 24
4 3 863 859 599 259
4 3 678 529 84 74
4 3 808 334 336 211
4 3 81 82 80 834
4 3 89 90 91 590
4 3 790 783 782 343
4 3 180 179 207 248
4 3 154 121 104 103
4 3 413 412 409 453
4 3 45 43 290 861
4 3 30 29 503 97
4 3 336 334 335 209
4 3 376 382 383 682
4 3 713 711 330 222
4 3 340 286 338 339
4 3 771 762 761 770
4 3 359 275 664 565
4 3 23 533 87 24
4 3 558 553 49 51
4 3 62 61 47 262
4 3 301 501 877 311
4 3 273 466 546 274
4 3 317 309 310 320
4 3 458 456 455 519
4 3 618 424 426 725
4 3 700 699 708 257
4 3 605 516 422 435
4 3 865 637 871 855
4 3 272 274 9 8
4 3 498 499 500 377
4 3 433 70 677 675
4 3 889 748 750 776
4 3 352 434 604 353
4 3 284 282 443 502
4 3 887 661 867 861
4 3 885 166 163 236
4 3 193 258 875 195
4 3 864 863 237 191

boundary
31
2 1 1 0
2 1 2 1
2 1 3 2
2 1 4 3
2 1 5 4
2 1 6 5
2 1 7 6
2 1 8 7
2 1 9 8
2 1 10 9
2 1 11 10
2 1 12 11
2 1 13 12
2 1 14 13
2 1 15 14
2 1 16 15
2 1 17 16
2 1 18 17
2 1 19 18
2 1 20 19
2 1 21 20
2 1 22 21
2 1 23 22
2 1 24 23
2 1 25 24
2 1 26 25
2 1 27 26
2 1 28 27
2 1 29 28
2 1 30 29
2 1 31 30

vertices
892
2
0.00126208 0.00126208
0.00129529 0.00129529
0.0013285 0.0013285
0.00136172 0.00136172
0.00139493 0.00139493
0.00142814 0.00142814
0.00146135 0.00146135
0.00149457 0.00149457
0.00152778 0.00152778
0.00156099 0.00156099
0.0015942 0.0015942
0.00162742 0.00162742
0.00166063 0.00166063
0.00169384 0.00169384
0.00172705 0.00172705
0.00176027 0.00176027
0.00179348 0.00179348
0.00182669 0.00182669
0.00185991 0.00185991
0.00189312 0.00189312
0.00192633 0.00192633
0.00195954 0.00195954
0.00199276 0.00199276
0.00202597 0.00202597
0.00205918 0.00205918
0.00209239 0.00209239
0.00212561 0.00212561
0.00215882 0.00215882
0.00219203 0.00219203
0.00222524 0.00222524
0.00225846 0.00225846
0.00229167 0.00229167
0.00259331 0.00135268
0.00255289 0.00137752
0.00254725 0.00131936
0.0025277 0.00142903
0.00257076 0.00141318
0.00254995 0.00146833
0.00267774 0.00211395
0.00264148 0.00214906
0.00264209 0.00209527
0.0026186 0.00211486
0.00258914 0.00124917
0.00262914 0.00127168
0.00257556 0.00128657
0.00261001 0.00130658
0.00226652 0.00137391
0.00229108 0.00134268
0.0023218 0.00137055
0.0021465 0.0019427
0.00213944 0.00199022
0.0020923 0.00195024
0.0020706 0.00131657
0.0021111 0.0013208
0.00210434 0.00136232
0.00222898 0.00112375
0.0022708 0.0011064
0.00224665 0.00116207
0.00228073 0.00114475
0.00223213 0.00134855
0.0021032 0.00200004
0.00231718 0.00131298
0.00229328 0.00128548
0.00204271 0.00125835
0.00208351 0.0012755
0.0017456 0.00152318
0.00170604 0.00157456
0.00170588 0.00152329
0.00161569 0.00116613
0.00160217 0.00120347
0.00156319 0.00116638
0.00218553 0.00166899
0.00218852 0.00171016
0.00214474 0.00168005
0.00211041 0.00100927
0.00205146 0.00101227
0.00207336 0.000970505
0.00206119 0.000785583
0.00207713 0.000825218
0.00202612 0.000805164
0.00208056 0.00174756
0.00212567 0.00172076
0.00212163 0.00176727
0.00215972 0.0017435
0.00207308 0.00103838
0.0021476 0.00202139
0.00211299 0.00203802
0.00207304 0.00201153
0.00208852 0.00122799
0.0023535 0.00163794
0.00239066 0.0016542
0.00236617 0.00168583
0.00228727 0.00216928
0.00223612 0.00216152
0.0022591 0.00212137
0.00239626 0.00170581
0.00232252 0.00219125
0.00229084 0.00222709
0.00235865 0.0022263
0.00202146 0.00135534
0.00202274 0.00131207
0.00185978 0.0018094
0.00189679 0.00183699
0.00235921 0.0021389
0.00239058 0.00218927
0.00193983 0.00120659
0.00190169 0.00123098
0.00190954 0.00116697
0.00191669 0.0018035
0.00240616 0.00222761
0.00242534 0.00198281
0.00243801 0.00203843
0.00238937 0.00200263
0.00238252 0.00204679
0.00234343 0.00146331
0.00239283 0.00145376
0.00237095 0.00149132
0.00222243 0.00209653
0.00221619 0.00205267
0.0022551 0.00206348
0.00247476 0.00216336
0.00243104 0.0021766
0.00245694 0.00212202
0.00244632 0.00221926
0.00272445 0.00201577
0.00266768 0.00200788
0.00270076 0.00198484
0.00269018 0.00205463
0.00276121 0.00198777
0.00259428 0.00208196
0.002636 0.00205233
0.00260511 0.00200409
0.00264318 0.00197462
0.00255838 0.00211435
0.00259196 0.00215942
0.00251814 0.0021424
0.00254081 0.00218857
0.0020366 0.000844638
0.00284647 0.00187513
0.00287907 0.00181898
0.0020927 0.00116306
0.00213197 0.00118998
0.0021328 0.00123878
0.00269582 0.00175274
0.00277571 0.0017538
0.0027279 0.00178808
0.0027333 0.00170492
0.00276983 0.00190785
0.00279481 0.00195663
0.00273325 0.00195199
0.00282309 0.00191904
0.00230313 0.00141393
0.00235379 0.00138398
0.00188393 0.00177846
0.00241857 0.00213713
0.00210156 0.00139985
0.00214168 0.0013631
0.00235564 0.00142699
0.00268597 0.00193615
0.0027591 0.00182473
0.00279961 0.0018522
0.00271376 0.00187097
0.00282161 0.00180393
0.00254133 0.00183757
0.00254952 0.00190115
0.00251715 0.00187289
0.00258483 0.00186354
0.00253182 0.00207309
0.00250328 0.00203639
0.00249726 0.00196947
0.00253469 0.00200128
0.00252015 0.00193369
0.0026892 0.00181666
0.00278575 0.00179536
0.00256938 0.00195466
0.00256698 0.00204002
0.00239159 0.00194684
0.002457 0.00193957
0.00219122 0.00154664
0.00220807 0.00160608
0.00216781 0.00159358
0.00234124 0.00207953
0.00231523 0.00203841
0.00234849 0.00202242
0.00229223 0.00208754
0.00235456 0.00198295
0.00192065 0.000892638
0.00189942 0.000930172
0.00188479 0.000861808
0.00248634 0.0019022
0.00244537 0.00186261
0.00249109 0.0018276
0.00247264 0.00200538
0.00262482 0.00180711
0.00264755 0.00185365
0.00266221 0.00178452
0.00186498 0.000907881
0.00212584 0.00084969
0.00211635 0.000808245
0.00226966 0.00202771
0.00283344 0.00175252
0.00279319 0.00169406
0.00288826 0.00175443
0.00262571 0.00191865
0.00221667 0.00121285
0.00223989 0.00124291
0.00217869 0.00124134
0.00218993 0.00163851
0.00216631 0.00209775
0.00228961 0.00187953
0.00223523 0.00187635
0.00226142 0.00182257
0.00279003 0.0014371
0.00278441 0.001375
0.00282288 0.00141353
0.00274647 0.00142059
0.00240344 0.00209611
0.00244041 0.00208474
0.00177868 0.00143264
0.0018122 0.00145832
0.00175589 0.00146372
0.00247449 0.00206585
0.00150301 0.00125669
0.0015037 0.00132223
0.00147334 0.00128871
0.00153419 0.00129174
0.00222851 0.00200752
0.0022587 0.00197037
0.00229981 0.00198871
0.00234549 0.00192447
0.00228736 0.0019322
0.00197947 0.000868728
0.00195921 0.000912264
0.00289855 0.00164889
0.00289454 0.0016988
0.00199832 0.000832263
0.00256194 0.00178893
0.00250653 0.00177957
0.00242929 0.00181194
0.00238862 0.00183994
0.00241572 0.00190956
0.00274252 0.00164926
0.00268055 0.00168451
0.0027013 0.00164069
0.00251018 0.00148781
0.00264978 0.00156658
0.00262275 0.00153484
0.00268372 0.00154757
0.00215264 0.0016336
0.00219523 0.00213397
0.0026663 0.00150329
0.00261423 0.001486
0.0022852 0.000701272
0.00231812 0.000733455
0.0022466 0.00191998
0.00260745 0.00160899
0.00255267 0.00162426
0.00256484 0.00157598
0.00261138 0.00176791
0.00246935 0.00172949
0.00247638 0.00168837
0.0025274 0.00168665
0.00225777 0.0013054
0.00218992 0.00132172
0.00221725 0.00127729
0.00224908 0.00172508
0.0022177 0.00174813
0.00223123 0.00169577
0.002184 0.00200998
0.00217653 0.00197549
0.00258306 0.00165472
0.00242808 0.00168065
0.00155927 0.00151708
0.00158574 0.00149126
0.00161468 0.00153649
0.00216905 0.000841471
0.00217034 0.00119981
0.00279589 0.00163651
0.00244095 0.00147188
0.00247576 0.00150701
0.0024152 0.00151037
0.00185951 0.0010174
0.0019024 0.00103755
0.00186175 0.00107438
0.00189319 0.00106263
0.00175604 0.00113422
0.00181301 0.00116829
0.00176262 0.00118566
0.00265593 0.00161434
0.00231999 0.00225801
0.00266836 0.00129432
0.0015834 0.00123181
0.00163814 0.00122784
0.00156132 0.00126226
0.00251904 0.00117353
0.00168719 0.00117668
0.00167633 0.00114859
0.00171754 0.00117271
0.00171121 0.00113372
0.00169327 0.00121711
0.00165518 0.00119112
0.00225919 0.00146907
0.00230562 0.00147294
0.00144285 0.00137817
0.00141664 0.00134984
0.0024007 0.00135822
0.00237067 0.0013028
0.00242525 0.00130788
0.0023894 0.00126947
0.0020022 0.000777988
0.00197107 0.000805968
0.00224797 0.00142253
0.00184486 0.00150932
0.00185593 0.00146347
0.00188948 0.00149604
0.00220011 0.00117275
0.00271093 0.00158917
0.00198019 0.000752061
0.00221816 0.00195206
0.00218936 0.00190992
0.00194348 0.000768956
0.00246346 0.00164062
0.00234031 0.00128618
0.00235487 0.00134204
0.0024925 0.00220751
0.0023843 0.00121791
0.00241407 0.00123913
0.00235515 0.00124595
0.00241476 0.00120066
0.00261356 0.00157237
0.00153087 0.00123204
0.0015518 0.00120312
0.00215908 0.0011447
0.0023716 0.00118568
0.00232968 0.00183301
0.00233191 0.001878
0.00229209 0.00184674
0.00188407 0.00113605
0.00185244 0.00115844
0.00187135 0.00119905
0.00182658 0.0012104
0.00236325 0.000750159
0.00221217 0.00138955
0.00216423 0.00140921
0.00217741 0.0013714
0.00219299 0.0014225
0.00202977 0.000984724
0.00205859 0.00092244
0.00210939 0.00093935
0.00184893 0.00111844
0.00263827 0.00166549
0.00164895 0.00115254
0.00164104 0.00112959
0.00166712 0.00110922
0.00146668 0.00140995
0.00200777 0.000937907
0.00197321 0.000984013
0.00173221 0.00124345
0.00172584 0.00120451
0.00215709 0.000878951
0.00248863 0.00122815
0.00244778 0.00119288
0.00248324 0.00118809
0.00245146 0.0012284
0.00215323 0.000795851
0.00147302 0.00135205
0.00150331 0.00138657
0.00168164 0.001417
0.00163535 0.00139978
0.00168992 0.00136982
0.00187997 0.000971363
0.00182438 0.00098086
0.00184379 0.000944197
0.00216406 0.000643333
0.00216691 0.0006871
0.00211096 0.000660256
0.00181548 0.00102217
0.00229156 0.0015438
0.00232872 0.00151152
0.00233855 0.00156609
0.00236037 0.00153456
0.00144421 0.00132042
0.00181373 0.00106466
0.00177774 0.00105849
0.00198227 0.00132964
0.00199723 0.00127336
0.00251602 0.00163224
0.00218147 0.000938122
0.00219551 0.00097168
0.00214204 0.000959286
0.00260749 0.00171616
0.00255623 0.00173312
0.00162014 0.00126372
0.00167676 0.00125578
0.00159648 0.00129706
0.00197097 0.00116124
0.00193895 0.00112985
0.00171888 0.00148127
0.00202699 0.00121855
0.00198441 0.00123131
0.00216196 0.00100288
0.00228048 0.000857933
0.00224832 0.000886219
0.00222897 0.000847104
0.00223248 0.000710237
0.00225293 0.000674437
0.00179379 0.00122316
0.00203583 0.000746097
0.00200156 0.000731696
0.00202226 0.000708049
0.00149149 0.00144529
0.00153983 0.00143393
0.00205616 0.000678056
0.00202044 0.000666553
0.00205576 0.000633285
0.00156722 0.0013272
0.00153629 0.00135756
0.00179894 0.00155344
0.00176648 0.00160552
0.00175653 0.00156333
0.00181182 0.00159689
0.0020324 0.00115827
0.00204866 0.00109513
0.00206543 0.00113221
0.00221004 0.000743827
0.00220727 0.000808684
0.00218562 0.000774571
0.00222957 0.000952787
0.00220354 0.00101306
0.00157098 0.00139327
0.00201562 0.000885034
0.00205299 0.000882183
0.00159685 0.00136319
0.00157697 0.00113517
0.00160852 0.00112283
0.00200306 0.0011143
0.00209751 0.000904426
0.00278389 0.00155901
0.00276814 0.00151097
0.00282911 0.00152783
0.00279883 0.00147922
0.00196211 0.00108951
0.00195061 0.00102385
0.00193205 0.00106175
0.00191409 0.00146313
0.00192163 0.00150992
0.00179201 0.00150169
0.00185155 0.00155457
0.00177053 0.00127095
0.00176452 0.00123073
0.00179989 0.00111429
0.00177119 0.00108565
0.00200994 0.00064323
0.00199376 0.000685576
0.00196746 0.000633323
0.00208245 0.00156982
0.00210492 0.00152505
0.00214278 0.001545
0.00206423 0.00151775
0.0024377 0.00137807
0.00238608 0.00139555
0.0028513 0.00164264
0.00284206 0.00169765
0.00154868 0.00148679
0.00165974 0.00129569
0.00171558 0.00128329
0.00159072 0.00146053
0.00163811 0.00134159
0.00160339 0.00142515
0.0024674 0.00134917
0.00246609 0.00140995
0.00250521 0.00138553
0.00222824 0.00108015
0.00218699 0.00110154
0.00163871 0.00144792
0.00230893 0.000671699
0.00189586 0.00153424
0.00224377 0.00177873
0.00221566 0.00180542
0.00248567 0.00113972
0.00246881 0.00109331
0.00243194 0.00111231
0.00244194 0.00115324
0.00227187 0.00158803
0.00228857 0.00164471
0.00224869 0.00162343
0.00232027 0.00160744
0.00242196 0.00141939
0.00229556 0.0012262
0.00226869 0.00126024
0.00195073 0.000678346
0.00197653 0.000721536
0.00180941 0.00129781
0.00180487 0.00125537
0.00248662 0.0014481
0.00254129 0.00122264
0.00183661 0.0012489
0.00225614 0.00120204
0.00224983 0.0015464
0.00223651 0.00152126
0.00227161 0.0015055
0.00222366 0.00148445
0.00191205 0.00109845
0.00225961 0.00220083
0.00285638 0.00158121
0.00281274 0.0015921
0.00200339 0.00101594
0.00170129 0.00132464
0.00175367 0.00130955
0.00194167 0.000721963
0.00250141 0.00132452
0.00253436 0.00127458
0.00209747 0.0016676
0.00211016 0.00162472
0.00248504 0.00127958
0.00223198 0.00157147
0.00203258 0.00104999
0.00213851 0.000603007
0.00201432 0.00159831
0.00204184 0.00155198
0.00206568 0.00161245
0.00166823 0.00150691
0.00184718 0.00132413
0.00184459 0.00128271
0.0016755 0.00146274
0.00187578 0.00127667
0.00186861 0.00124316
0.00193776 0.000955791
0.00211427 0.00111728
0.00208983 0.00107411
0.00214865 0.00150756
0.00205361 0.00165661
0.00244276 0.00126092
0.00204893 0.00198236
0.00200944 0.00196284
0.00172987 0.000981389
0.00168978 0.000956545
0.0017487 0.000937296
0.00170827 0.000913134
0.001739 0.00134518
0.00179046 0.00133566
0.00192339 0.000625693
0.00187899 0.000616454
0.00173906 0.00139453
0.00172605 0.000869178
0.00176695 0.000892142
0.0016292 0.00148589
0.00275615 0.00160349
0.00273115 0.00153637
0.00186082 0.000661881
0.0018915 0.000725124
0.00184191 0.000708445
0.00190686 0.000671961
0.00213393 0.00189909
0.00160814 0.000908822
0.00156706 0.000885312
0.00162584 0.000867167
0.0015843 0.000844667
0.00210279 0.00191143
0.00212927 0.00207002
0.00217315 0.0020502
0.00191707 0.000997419
0.00193666 0.000842479
0.00214071 0.000918655
0.00213199 0.000887809
0.00217248 0.000904494
0.00176064 0.000780639
0.0018022 0.000799939
0.00174337 0.000824974
0.00178499 0.000846136
0.00188017 0.00134497
0.00188198 0.00130896
0.00191475 0.00130448
0.00191037 0.00126639
0.00222438 0.00165825
0.00183439 0.00060479
0.00178961 0.00059157
0.00182147 0.000754519
0.00179725 0.000692619
0.00177873 0.000736619
0.00171817 0.000761322
0.00170144 0.000804187
0.00177138 0.00063399
0.0017532 0.000676321
0.00181608 0.000648494
0.00177313 0.00136922
0.00182683 0.00136209
0.00198152 0.00105127
0.00183969 0.000816493
0.00186305 0.00077476
0.0023286 0.00166827
0.00138008 0.0011896
0.00134564 0.00115813
0.00140775 0.00115377
0.00137228 0.00112301
0.00168457 0.000847138
0.00166718 0.000889995
0.00163694 0.00158844
0.00166056 0.00154928
0.00242753 0.00172294
0.0020824 0.000722959
0.00212734 0.000702753
0.00164979 0.0010414
0.00169019 0.00106598
0.00162802 0.00108162
0.00200501 0.00107062
0.00164265 0.000825477
0.00165896 0.000783714
0.00167518 0.000742099
0.00194539 0.00125591
0.00220245 0.000690621
0.00221419 0.000654934
0.00160963 0.00101623
0.00158804 0.00105772
0.00173547 0.000718771
0.00170912 0.000659643
0.00169193 0.000700781
0.00174477 0.000577347
0.00218253 0.000719974
0.00152935 0.000965685
0.00156934 0.000991011
0.00150817 0.00100475
0.00154771 0.00103154
0.00229861 0.000890045
0.00233151 0.000907292
0.00231043 0.000953503
0.00191247 0.00080308
0.00172703 0.00061855
0.00191755 0.00138296
0.00191531 0.00134314
0.0019488 0.00133977
0.00195785 0.00129724
0.00160071 0.000804048
0.00167822 0.00161878
0.00173147 0.00161634
0.00170812 0.00164377
0.00173884 0.0016507
0.00236829 0.0016042
0.00180683 0.000916941
0.00183225 0.000868046
0.0022153 0.000913424
0.00227096 0.000928225
0.00180353 0.00139726
0.00187009 0.00139092
0.00164902 0.000932577
0.00162984 0.000974679
0.00167015 0.000999281
0.00228403 0.000761
0.00224308 0.000775399
0.00226127 0.000731598
0.00229821 0.00170755
0.00228285 0.00175817
0.00209773 0.000618634
0.00173584 0.00108862
0.00158923 0.000950156
0.00188918 0.00143578
0.00192767 0.00142341
0.00148958 0.000940424
0.00146906 0.000978264
0.00215584 0.00103715
0.00218093 0.00105464
0.00271062 0.00137113
0.00236059 0.000928355
0.00222066 0.00104758
0.00219748 0.000876978
0.00196073 0.00140506
0.00195398 0.00137319
0.00274644 0.0013318
0.00198806 0.00136352
0.00270153 0.00131598
0.00208788 0.0008655
0.00183474 0.0014235
0.00226438 0.00167518
0.00218503 0.000594955
0.00152391 0.00107154
0.00156446 0.0011032
0.00149805 0.00111071
0.00153304 0.00114068
0.00212801 0.00105228
0.00226296 0.000820107
0.00229736 0.000796763
0.00144369 0.00125515
0.00177222 0.0010105
0.00170998 0.00102371
0.00174408 0.00104531
0.00139818 0.00108752
0.00143465 0.00111757
0.00155891 0.000782631
0.00187818 0.00158935
0.00184629 0.00162509
0.00147064 0.0011493
0.00144182 0.00118639
0.0021869 0.00177493
0.00148512 0.00104312
0.00146046 0.00108083
0.00232677 0.000864671
0.00210148 0.000766029
0.00245177 0.00154396
0.00188728 0.00162392
0.0025716 0.00150714
0.00253412 0.0015274
0.00235801 0.000847236
0.00231247 0.000832994
0.00234499 0.000811149
0.00232965 0.000778709
0.00237911 0.000790566
0.00144671 0.00101529
0.00142293 0.00105172
0.00258697 0.00153586
0.00172136 0.00143503
0.0020652 0.00177899
0.00150919 0.0011863
0.00209733 0.00180403
0.00147377 0.00122155
0.00225244 0.00103065
0.00227459 0.000978018
0.00228584 0.0010135
0.00249779 0.00154375
0.00228256 0.000629913
0.00129049 0.0012277
0.00132371 0.0012604
0.00152595 0.000861917
0.00150828 0.0009016
0.00214782 0.0010829
0.00222968 0.000612509
0.00214875 0.000748168
0.00199363 0.00143497
0.00199169 0.00139871
0.00251104 0.00173711
0.00196058 0.00143886
0.00202341 0.00139106
0.00215785 0.00180483
0.00141263 0.00122228
0.00138403 0.00125764
0.0021923 0.00183833
0.00213048 0.00183546
0.00141481 0.00128939
0.00177095 0.00164391
0.0017372 0.00168281
0.00216148 0.0018712
0.00210447 0.0018633
0.00208018 0.00188903
0.00180505 0.00163971
0.00177043 0.00168059
0.00180662 0.00167455
0.0017702 0.00171538
0.00230008 0.00213348
0.00237207 0.000886781
0.00200528 0.00177571
0.00204269 0.00180361
0.00199692 0.0018077
0.00135176 0.00122527
0.00202027 0.00182953
0.00207403 0.00183272
0.00229614 0.001051
0.00226178 0.00106773
0.00231719 0.000998109
0.00205064 0.00185897
0.00135607 0.00129303
0.00138759 0.00132439
0.00194979 0.00147863
0.00195086 0.0015214
0.00192515 0.00156527
0.00296936 0.00157049
0.00203377 0.00146264
0.00202963 0.00142444
0.0019946 0.00147375
0.00206694 0.00141142
0.00206014 0.00136651
0.00206039 0.00119212
0.00199952 0.00152348
0.00197499 0.00157071
0.00199672 0.00185371
0.00202721 0.00188432
0.00197317 0.00187883
0.00200371 0.00190898
0.0019627 0.00181768
0.00194253 0.00185249
0.00205618 0.00191574
0.00203108 0.00193742
0.00154867 0.000925751
0.00131815 0.00119315
0.00213448 0.00139931
0.00211344 0.00143762
0.00188367 0.00166077
0.00184469 0.00166765
0.00192505 0.00161431
0.00241075 0.000901017
0.00238987 0.000948545
0.00239204 0.000826731
0.00214956 0.0014425
0.0018051 0.00171214
0.00184293 0.00170621
0.00180472 0.00174776
0.00192039 0.00187603
0.00242783 0.000936922
0.00195021 0.00190368
0.00240496 0.000859133
0.00198097 0.00193387
0.00234976 0.000970213
0.00234055 0.00107052
0.00232958 0.00103227
0.00230607 0.00108895
0.00236383 0.00101175
0.0021855 0.00149924
0.00207456 0.00148372
0.00207156 0.00144966
0.00204097 0.00149587
0.00230082 0.00179856
0.00233154 0.00176974
0.0019647 0.00161135
0.00289985 0.00153884
0.00286886 0.00149849
0.00192109 0.00169422
0.00192336 0.00165476
0.00188182 0.00170019
0.00196464 0.0016501
0.00262848 0.00144217
0.00231586 0.00112734
0.00229207 0.00117976
0.00200299 0.00118693
0.00243521 0.000973517
0.00239957 0.000991902
0.00184165 0.00174434
0.00188153 0.00173871
0.00249522 0.00210089
0.00184251 0.00177886
0.00238544 0.00109078
0.002375 0.0010513
0.00290521 0.00146455
0.00235062 0.00110943
0.00240995 0.00103193
0.00210915 0.00148053
0.00214371 0.00147668
0.00208779 0.00170993
0.00284057 0.00146134
0.00287078 0.00143238
0.00275142 0.00147427
0.00294927 0.00150916
0.0029196 0.00159565
0.00200875 0.00165012
0.0019604 0.00173144
0.00196202 0.00169155
0.00192124 0.00173404
0.00200346 0.00169328
0.0024455 0.00101287
0.00192397 0.00176934
0.00232553 0.00116604
0.00236073 0.00114813
0.00233706 0.00120499
0.00242089 0.00107185
0.00239598 0.00113005
0.00245672 0.00105271
0.00217813 0.00145999
0.00265812 0.00172932
0.00239856 0.00155677
0.00199828 0.00173144
0.0020459 0.00170013
0.00240601 0.00116774
0.00240854 0.00176706
0.00236424 0.00179604
0.00265156 0.00133869
0.00261644 0.0014005
0.00246212 0.00177139
0.00245844 0.00180336
0.00241278 0.00160933
0.00268201 0.00144449
0.00266549 0.00138927
0.0025861 0.00145037
0.00212163 0.0012792
0.00214621 0.00132655
0.00236778 0.00157844
0.00215796 0.00128809
0.00231684 0.00126091
0.00178846 0.00096102
0.00264329 0.00176006
0.00250729 0.0015851
0.00221337 0.00144879
0.00190373 0.000768139
0.0015428 0.000822216
0.00246243 0.00158994
0.00235757 0.00172982
0.0023757 0.00188574
0.00212637 0.0015824
0.00187911 0.000817333
0.00259353 0.00181999
0.00224135 0.000992704
0.00269005 0.00134133
0.00204013 0.00174401
0.00196123 0.00177194
0.00271502 0.00149042
0.00252733 0.00135166

mfem_serial_mesh_end

communication_groups
number_of_groups 6

# number of entities in each group, followed by ranks in group
1 0
2 0 2
2 0 3
2 0 1
3 0 1 3
3 0 2 3

total_shared_vertices 82
total_shared_edges 81

# group 0 has no shared entities

# group 1
shared_vertices 22
31
38
39
98
109
123
124
127
128
134
136
138
139
148
150
202
233
234
289
324
763
839

shared_edges 22
148 150
39 134
98 109
233 839
124 127
763 838
123 324
134 136
763 839
98 289
136 324
202 234
38 39
38 127
138 150
128 148
138 139
31 289
139 202
233 234
124 128
109 123

# group 2
shared_vertices 25
42
43
213
214
252
253
290
294
341
475
479
480
495
667
669
705
787
789
795
797
821
829
836
845
852

shared_edges 26
294 479
787 795
787 797
214 836
667 669
253 341
705 789
290 669
821 845
789 797
480 852
341 705
845 852
252 253
252 475
479 480
475 718
829 836
43 290
829 838
213 667
42 43
795 821
294 495
213 214
42 495

# group 3
shared_vertices 33
0
414
452
454
517
541
542
575
576
592
594
606
607
608
615
616
617
627
632
652
657
658
673
685
687
706
707
719
721
722
724
781
879

shared_edges 33
414 452
517 673
706 707
592 594
594 685
685 707
658 706
615 616
719 781
592 781
608 616
615 627
576 617
617 627
0 719
607 608
657 658
687 879
632 687
542 575
606 607
575 576
606 632
657 722
721 879
721 722
517 652
718 724
541 542
454 541
452 454
673 724
414 652

# group 4
shared_vertices 1
718

shared_edges 0

# group 5
shared_vertices 1
838

shared_edges 0

mfem_mesh_end
